     0  -1199  -3572  11239  -5312  -5686  -4258  -8682  -5677  -3870  -4568  -8570  -8493  -8043  -7508  -8698  -8721  -6770  -8043  -8198  -8283  -8382  -8419  -7725  -8197  -9051  -9173  -8530  -7320  -6748  -8605  -9364  -9425 -10218  -7730  -5034  -6169  -6484  -6671  -8595  -9472  -9474  -8636  -5643  -5896  -5287  -7514  -5126  -5642 
 -1199      0  -5505   -586  -5214  -5030  -3376  -6995  -6553  -3207  -4220  -7667  -9802  -9447 -10145  -9308  -8975  -6861  -9472  -7636  -9266  -9066  -9399  -8119  -8727  -9730  -8755  -8675  -8604 -10611 -10059  -9057  -8977  -9664  -9794 -10310  -9231  -7589  -8313  -7579  -9452  -9918  -7611  -7834  -7571  -7799  -8558  -8509  -8423 
 -3572  -5505      0  -5496  -2630  -7508     47  -4240  -8404    618  -8067  -9024  -8774  -8503  -7275  -7029  -6920  -7201  -7551  -7611  -6900  -7333  -7899  -8245  -7763  -7865  -9199  -8815  -7132  -8791  -9939 -10206 -10097 -10074  -8943  -7944  -7857  -7941  -7054  -9719 -10707  -4871  -6329  -5718  -5372  -4827  -7107  -6523  -5375 
 11239   -586  -5496      0  -6931  -6238  -6057  -6485  -6304  -5316  -4714  -7258  -9500  -8000  -6720  -9717  -6985  -5767  -6723  -5923  -5149  -6392  -8350  -6336  -9416  -7061  -8167  -7149  -6094  -7435  -7075  -7728  -9206 -10742  -6318  -5972  -6596  -4768  -6180  -7231  -8724  -7784  -6125  -6916  -6123  -6164  -5783  -6630  -6078 
 -5312  -5214  -2630  -6931      0  -5873  -3450  -6558  -7666  -4247  -5014  -7631  -8464  -7683  -8793  -8247  -6709  -6986  -6467  -6470  -7358 -10237  -8301  -7750  -7919  -7095  -9089  -8884  -9113  -9188  -6288  -6959  -7687  -8493  -6961  -7458  -7403  -6709  -6789  -5997  -9213  -7729  -9423  -6582  -6669  -5493  -7957  -7120  -6867 
 -5686  -5030  -7508  -6238  -5873      0  -6334  -2924  -5933  -6841  10929  -7052  -8740  -7279  -8998  -8940  -6305  -9157  -8696  -8887  -7471  -7627 -10043  -7944  -7698  -9347  -9033  -7187  -7925 -10090  -7671  -8008  -6461  -8294  -7662  -9330  -8977  -7097  -6251  -8759  -8257  -9595  -9601  -7188  -7475  -8360  -8880  -7287  -8028 
 -4258  -3376     47  -6057  -3450  -6334      0  -1347  -7048  21014  -4310 -10703  -7170  -6530  -9405 -10255  -7225  -9427  -9588  -8988  -7975 -10578  -8047  -9646  -8827  -8694  -9438  -7862  -9544  -8552  -4462  -7401  -6476  -8060  -6645  -8447  -7687  -8605  -7893 -10890  -9909  -8865  -5356  -5455  -5598  -6438  -6662  -6269  -6448 
 -8682  -6995  -4240  -6485  -6558  -2924  -1347      0  -6699  -1476  -2435  -8741  -8122  -9468  -8663  -6780  -4186  -7619  -8764  -7549  -6855  -7100  -6985  -7003  -6692  -8222  -6650  -6212  -5889  -8138  -6177  -6768  -5469  -5888  -6970  -7771  -9240  -8423  -8324  -9072  -7525  -8681  -4815  -5889  -6711  -6489  -9034  -6963  -5669 
 -5677  -6553  -8404  -6304  -7666  -5933  -7048  -6699      0  -6534  -4910 -11048  -8881 -10252  -9496  -9940 -10140 -10262 -11389 -10175  -9207  -8863  -7328  -4808  -9209  -7885  -8888  -7689  -8371  -8336 -10466  -9128  -8603 -11246 -10740  -9691  -9734  -9469  -8986  -8649 -10325  -8686  -8914  -9745 -10455  -9156 -10721 -10465  -9784 
 -3870  -3207    618  -5316  -4247  -6841  21014  -1476  -6534      0  -5134 -10453  -8453  -8534 -10010  -9562  -8303  -9508 -10136  -9760  -8728  -9349  -8148  -8812  -9677  -9046  -8750  -8646  -8319  -8828  -7661  -6846  -6989  -9194  -7739  -8448  -9131 -10127  -7868 -10769 -10437  -8880  -4525  -5584  -6293  -5900  -6464  -6550  -6729 
 -4568  -4220  -8067  -4714  -5014  10929  -4310  -2435  -4910  -5134      0  -8014  -8818  -9388  -8703  -8835  -6514  -9060  -9873  -9237  -7101  -9761  -6723  -6370  -7132  -8382  -8315  -7564  -8394  -9664  -8844  -6990  -6881  -6766  -7451  -8918  -8247  -6761  -6297  -9206  -8799  -9230 -10970  -5752  -7446  -6539 -10103  -6847  -6586 
 -8570  -7667  -9024  -7258  -7631  -7052 -10703  -8741 -11048 -10453  -8014      0    -28  -2734   -491   1664   1847   2864   1772   4128    469  -1961  -1591   1537    276    545   1343   1364    814   -158   -733    751    419    817   -815  -2825    288    734   -684  -1340  -4608  -9696 -10627  -7957  -7738  -7900  -7786  -7518  -7573 
 -8493  -9802  -8774  -9500  -8464  -8740  -7170  -8122  -8881  -8453  -8818    -28      0  -3235   1210    871  -2985  -2752   -667  -4347   -206   1665  -5597  -2480  -2322   2004   -838  -2011   1470  -3716  -2765   3511   2609  -1021   3104     31  -4862   5167   3598   -260    160  -8989 -10772  -4985  -7106  -7589  -6915  -6378  -7109 
 -8043  -9447  -8503  -8000  -7683  -7279  -6530  -9468 -10252  -8534  -9388  -2734  -3235      0  -1395  -2029   -804  -4255  -4524  -3653  -4802  -2121  -5792  -2509  -2552  -2826  -2134  -2354  -3236  -1384   1569  -2433   -814  -2372   -648  -4553  -3360   1295   1786  -2953  -4921  -7541  -9478  -6623  -8226 -10120  -6758  -8868  -7730 
 -7508 -10145  -7275  -6720  -8793  -8998  -9405  -8663  -9496 -10010  -8703   -491   1210  -1395      0   4990   2979   -848   2554  -1638  -3469   3650  -4044   1109   2703   5265   2450   3470   7404   2878    632   8354   6744    470   3410   2316   -528   3543   4345   1258  -1216  -8434  -8661  -6139  -5365  -8350  -5357  -6299  -7617 
 -8698  -9308  -7029  -9717  -8247  -8940 -10255  -6780  -9940  -9562  -8835   1664    871  -2029   4990      0   2209   -362   3044   1300  -1660   1725    101   1307   3191   5280   4268   4459   5373   3020    977   5985   5544   2011   1303   1395    673   -669  -1178  -2061  -1841  -7786  -9325  -7158  -6406  -9561  -5892  -6772  -5543 
 -8721  -8975  -6920  -6985  -6709  -6305  -7225  -4186 -10140  -8303  -6514   1847  -2985   -804   2979   2209      0   -379  -1014   1421   -208   1727  -1242   4102   5933   5527   9259   6291   7675   5352   4463   5340   7525   6360   5094    248   2655   -114  -1505  -2022  -3375  -8989  -7273  -5978  -6530  -8381  -6221  -6946  -6921 
 -6770  -6861  -7201  -5767  -6986  -9157  -9427  -7619 -10262  -9508  -9060   2864  -2752  -4255   -848   -362   -379      0  17020  19463  11052   1429  -4105   -676   2765    698   1410   2590   1228      0    715   2100   1001  -1298   -920    733   3179  -1267  -1354  -3544  -3270  -7639 -10125  -8243  -2916  -7358  -4687  -5947  -5605 
 -8043  -9472  -7551  -6723  -6467  -8696  -9588  -8764 -11389 -10136  -9873   1772   -667  -4524   2554   3044  -1014  17020      0  17613  11576   9847  -3538   -927   3163   5436   3455    423   5828    -57   -998   6511   6364    432   1576   8587   3213   1025    600   1453  -2156  -9757  -8021  -8134  -5718  -4500  -5569  -7281  -7379 
 -8198  -7636  -7611  -5923  -6470  -8887  -8988  -7549 -10175  -9760  -9237   4128  -4347  -3653  -1638   1300   1421  19463  17613      0  11970   1445  -4207   -853   2024   1205   1394   2121   -378   -321   -247   2526    524   1317  -2746   1534   3917  -3618  -3899  -2990  -4629  -8911  -9129  -9853  -5961  -8650  -5713  -8011  -8397 
 -8283  -9266  -6900  -5149  -7358  -7471  -7975  -6855  -9207  -8728  -7101    469   -206  -4802  -3469  -1660   -208  11052  11576  11970      0   4486  -7070  -2940  -1329  -3611  -1572   -751   -546    199    338  -3470    364  -2700    334    832   3151   -186  -1261  -2464  -3750  -7842  -8329  -8539  -6405  -9073  -3929  -7686  -7444 
 -8382  -9066  -7333  -6392 -10237  -7627 -10578  -7100  -8863  -9349  -9761  -1961   1665  -2121   3650   1725   1727   1429   9847   1445   4486      0  -6630   -881     98   2978   1258   -483   7007   2651    764   4646   6193   -304   2535   8927   3016   4619   4187   1299   -721  -7988  -7769  -7742  -8268  -7998  -5590  -7350  -9412 
 -8419  -9399  -7899  -8350  -8301 -10043  -8047  -6985  -7328  -8148  -6723  -1591  -5597  -5792  -4044    101  -1242  -4105  -3538  -4207  -7070  -6630      0   5758   7216   7861   5856   6049   3511   2921     78   1815   2866   4235    726  -2948  -2979  -7184  -9212  -5516  -7403  -8088  -8631  -6280  -7576  -5651  -8972  -4656  -4630 
 -7725  -8119  -8245  -6336  -7750  -7944  -9646  -7003  -4808  -8812  -6370   1537  -2480  -2509   1109   1307   4102   -676   -927   -853  -2940   -881   5758      0  10291  12035  10435  11465   7924   8742   6095   5377   6585   8883   5449    168    348  -1393  -3933  -1527  -5921  -8953  -8895  -5518  -7129  -9460  -6882  -5174  -9675 
 -8197  -8727  -7763  -9416  -7919  -7698  -8827  -6692  -9209  -9677  -7132    276  -2322  -2552   2703   3191   5933   2765   3163   2024  -1329     98   7216  10291      0   8851   8620   8272   6731   5860   4012   7842   6442   5191   3501   4076   6291  -3111  -2056  -2118  -4673  -8453  -8233  -4077  -5080  -9701  -5708  -4189  -9557 
 -9051  -9730  -7865  -7061  -7095  -9347  -8694  -8222  -7885  -9046  -8382    545   2004  -2826   5265   5280   5527    698   5436   1205  -3611   2978   7861  12035   8851      0  12511  12399  14943   7168   4744  11306  10896   6164  10151   3391    -67   1613   -412   3051  -2134  -8375  -8620  -5365  -6774  -7727  -6494  -7335  -5914 
 -9173  -8755  -9199  -8167  -9089  -9033  -9438  -6650  -8888  -8750  -8315   1343   -838  -2134   2450   4268   9259   1410   3455   1394  -1572   1258   5856  10435   8620  12511      0  20147  10482   9944   8025   9831  11112   8916  10221   2585   1689  -1723  -2747    375  -3035 -10197  -9616  -6143  -6846  -5360  -7758  -6617  -6297 
 -8530  -8675  -8815  -7149  -8884  -7187  -7862  -6212  -7689  -8646  -7564   1364  -2011  -2354   3470   4459   6291   2590    423   2121   -751   -483   6049  11465   8272  12399  20147      0  10206  12230   9260   9053  10825  13111   9393   1985   1629  -1171  -2056  -1128  -2788 -10172 -11178  -4804  -3550  -7298  -7484  -5338  -2322 
 -7320  -8604  -7132  -6094  -9113  -7925  -9544  -5889  -8371  -8319  -8394    814   1470  -3236   7404   5373   7675   1228   5828   -378   -546   7007   3511   7924   6731  14943  10482  10206      0  13846   7842  10436  11403   5728  12683   6444   2288   3247   3424   3155    248  -7842  -8603  -5825  -7390  -9415  -5485  -6999  -6794 
 -6748 -10611  -8791  -7435  -9188 -10090  -8552  -8138  -8336  -8828  -9664   -158  -3716  -1384   2878   3020   5352      0    -57   -321    199   2651   2921   8742   5860   7168   9944  12230  13846      0  10171   6645   7922   8041   9405   3326   3580  -1935  -2317  -4587  -1239  -7586  -7602  -6869  -7415  -8377  -7521  -7439  -8013 
 -8605 -10059  -9939  -7075  -6288  -7671  -4462  -6177 -10466  -7661  -8844   -733  -2765   1569    632    977   4463    715   -998   -247    338    764     78   6095   4012   4744   8025   9260   7842  10171      0   5999   8004   6018  17311    621   1261   -458  -2665  -3058  -2338  -8248 -11229  -7871  -7478  -7603  -6551  -7774  -6712 
 -9364  -9057 -10206  -7728  -6959  -8008  -7401  -6768  -9128  -6846  -6990    751   3511  -2433   8354   5985   5340   2100   6511   2526  -3470   4646   1815   5377   7842  11306   9831   9053  10436   6645   5999      0  20030   7693   9954   4404   1554   4179   4584   3062   2670  -8999  -9356  -7586  -6874  -9632  -6571  -6977  -8066 
 -9425  -8977 -10097  -9206  -7687  -6461  -6476  -5469  -8603  -6989  -6881    419   2609   -814   6744   5544   7525   1001   6364    524    364   6193   2866   6585   6442  10896  11112  10825  11403   7922   8004  20030      0  12782  13073   4715    777   4893   4729   5308   1495  -8771 -10418  -6392  -7077  -7986  -6049  -6979  -7270 
-10218  -9664 -10074 -10742  -8493  -8294  -8060  -5888 -11246  -9194  -6766    817  -1021  -2372    470   2011   6360  -1298    432   1317  -2700   -304   4235   8883   5191   6164   8916  13111   5728   8041   6018   7693  12782      0   7731   1152   -228     56   -885    119  -1711  -8547  -9840  -5647  -6725  -8030  -7788  -6356  -6066 
 -7730  -9794  -8943  -6318  -6961  -7662  -6645  -6970 -10740  -7739  -7451   -815   3104   -648   3410   1303   5094   -920   1576  -2746    334   2535    726   5449   3501  10151  10221   9393  12683   9405  17311   9954  13073   7731      0   3056  -1172   2459   1033   2307   -441  -8333 -10123  -7180  -7021  -8870  -7208  -7448  -7435 
 -5034 -10310  -7944  -5972  -7458  -9330  -8447  -7771  -9691  -8448  -8918  -2825     31  -4553   2316   1395    248    733   8587   1534    832   8927  -2948    168   4076   3391   2585   1985   6444   3326    621   4404   4715   1152   3056      0  18939   3309   1473    808  -1415  -7759  -8380  -6398  -7653  -5799  -6233  -7412  -5956 
 -6169  -9231  -7857  -6596  -7403  -8977  -7687  -9240  -9734  -9131  -8247    288  -4862  -3360   -528    673   2655   3179   3213   3917   3151   3016  -2979    348   6291    -67   1689   1629   2288   3580   1261   1554    777   -228  -1172  18939      0  -1604  -2039  -2558  -4313  -7910  -8942  -7785  -4488  -8679  -6060  -9001  -5288 
 -6484  -7589  -7941  -4768  -6709  -7097  -8605  -8423  -9469 -10127  -6761    734   5167   1295   3543   -669   -114  -1267   1025  -3618   -186   4619  -7184  -1393  -3111   1613  -1723  -1171   3247  -1935   -458   4179   4893     56   2459   3309  -1604      0  22529   2882  -1997  -7532  -8845  -6032  -3033  -6431  -4316  -3996  -4190 
 -6671  -8313  -7054  -6180  -6789  -6251  -7893  -8324  -8986  -7868  -6297   -684   3598   1786   4345  -1178  -1505  -1354    600  -3899  -1261   4187  -9212  -3933  -2056   -412  -2747  -2056   3424  -2317  -2665   4584   4729   -885   1033   1473  -2039  22529      0   4787     86  -7567  -8352  -6266  -5548  -7731  -4466  -6554  -5884 
 -8595  -7579  -9719  -7231  -5997  -8759 -10890  -9072  -8649 -10769  -9206  -1340   -260  -2953   1258  -2061  -2022  -3544   1453  -2990  -2464   1299  -5516  -1527  -2118   3051    375  -1128   3155  -4587  -3058   3062   5308    119   2307    808  -2558   2882   4787      0   -403  -8320  -9332  -6570  -6083  -8991  -5284  -6828  -5818 
 -9472  -9452 -10707  -8724  -9213  -8257  -9909  -7525 -10325 -10437  -8799  -4608    160  -4921  -1216  -1841  -3375  -3270  -2156  -4629  -3750   -721  -7403  -5921  -4673  -2134  -3035  -2788    248  -1239  -2338   2670   1495  -1711   -441  -1415  -4313  -1997     86   -403      0  -5972  -9343  -6451  -8312  -9711  -6472  -5674  -7837 
 -9474  -9918  -4871  -7784  -7729  -9595  -8865  -8681  -8686  -8880  -9230  -9696  -8989  -7541  -8434  -7786  -8989  -7639  -9757  -8911  -7842  -7988  -8088  -8953  -8453  -8375 -10197 -10172  -7842  -7586  -8248  -8999  -8771  -8547  -8333  -7759  -7910  -7532  -7567  -8320  -5972      0  -5141  -7111  -7852  -5532  -7139  -9188  -6020 
 -8636  -7611  -6329  -6125  -9423  -9601  -5356  -4815  -8914  -4525 -10970 -10627 -10772  -9478  -8661  -9325  -7273 -10125  -8021  -9129  -8329  -7769  -8631  -8895  -8233  -8620  -9616 -11178  -8603  -7602 -11229  -9356 -10418  -9840 -10123  -8380  -8942  -8845  -8352  -9332  -9343  -5141      0 -11703 -12437 -11460 -10335 -12360 -11162 
 -5643  -7834  -5718  -6916  -6582  -7188  -5455  -5889  -9745  -5584  -5752  -7957  -4985  -6623  -6139  -7158  -5978  -8243  -8134  -9853  -8539  -7742  -6280  -5518  -4077  -5365  -6143  -4804  -5825  -6869  -7871  -7586  -6392  -5647  -7180  -6398  -7785  -6032  -6266  -6570  -6451  -7111 -11703      0  17736  12669   6238  19931  12391 
 -5896  -7571  -5372  -6123  -6669  -7475  -5598  -6711 -10455  -6293  -7446  -7738  -7106  -8226  -5365  -6406  -6530  -2916  -5718  -5961  -6405  -8268  -7576  -7129  -5080  -6774  -6846  -3550  -7390  -7415  -7478  -6874  -7077  -6725  -7021  -7653  -4488  -3033  -5548  -6083  -8312  -7852 -12437  17736      0  12466   8690  21437  12810 
 -5287  -7799  -4827  -6164  -5493  -8360  -6438  -6489  -9156  -5900  -6539  -7900  -7589 -10120  -8350  -9561  -8381  -7358  -4500  -8650  -9073  -7998  -5651  -9460  -9701  -7727  -5360  -7298  -9415  -8377  -7603  -9632  -7986  -8030  -8870  -5799  -8679  -6431  -7731  -8991  -9711  -5532 -11460  12669  12466      0   -494  15744  21119 
 -7514  -8558  -7107  -5783  -7957  -8880  -6662  -9034 -10721  -6464 -10103  -7786  -6915  -6758  -5357  -5892  -6221  -4687  -5569  -5713  -3929  -5590  -8972  -6882  -5708  -6494  -7758  -7484  -5485  -7521  -6551  -6571  -6049  -7788  -7208  -6233  -6060  -4316  -4466  -5284  -6472  -7139 -10335   6238   8690   -494      0   7074    -82 
 -5126  -8509  -6523  -6630  -7120  -7287  -6269  -6963 -10465  -6550  -6847  -7518  -6378  -8868  -6299  -6772  -6946  -5947  -7281  -8011  -7686  -7350  -4656  -5174  -4189  -7335  -6617  -5338  -6999  -7439  -7774  -6977  -6979  -6356  -7448  -7412  -9001  -3996  -6554  -6828  -5674  -9188 -12360  19931  21437  15744   7074      0  14021 
 -5642  -8423  -5375  -6078  -6867  -8028  -6448  -5669  -9784  -6729  -6586  -7573  -7109  -7730  -7617  -5543  -6921  -5605  -7379  -8397  -7444  -9412  -4630  -9675  -9557  -5914  -6297  -2322  -6794  -8013  -6712  -8066  -7270  -6066  -7435  -5956  -5288  -4190  -5884  -5818  -7837  -6020 -11162  12391  12810  21119    -82  14021      0 
