     0  -1199  -3572  11239  -5312  -5686  -4258  -8682  -5677  -3870  -4568  -8570  -8493  -8043  -7508  -8698  -8721  -6770  -8043  -8198  -8283  -8382  -8419  -7725  -8197  -9051  -9173  -8530  -7320  -6748  -8605  -9364  -9425 -10218  -7730  -5034  -6169  -6484  -6671  -8595  -9472  -9474  -8636  -5643  -5896  -5287  -7514  -5126  -5642 
 -1199      0  -5505   -586  -5214  -5030  -3376  -6995  -6553  -3207  -4220  -7667  -9802  -9447 -10145  -9308  -8975  -6861  -9472  -7636  -9266  -9066  -9399  -8119  -8727  -9730  -8755  -8675  -8604 -10611 -10059  -9057  -8977  -9664  -9794 -10310  -9231  -7589  -8313  -7579  -9452  -9918  -7611  -7834  -7571  -7799  -8558  -8509  -8423 
 -3572  -5505      0  -5496  -2630  -7508     47  -4240  -8404    618  -8067  -9024  -8774  -8503  -7275  -7029  -6920  -7201  -7551  -7611  -6900  -7333  -7899  -8245  -7763  -7865  -9199  -8815  -7132  -8791  -9939 -10206 -10097 -10074  -8943  -7944  -7857  -7941  -7054  -9719 -10707  -4871  -6329  -5718  -5372  -4827  -7107  -6523  -5375 
 11239   -586  -5496      0  -6931  -6238  -6057  -6485  -6304  -5316  -4714  -7258  -9500  -8000  -6720  -9717  -6985  -5767  -6723  -5923  -5149  -6392  -8350  -6336  -9416  -7061  -8167  -7149  -6094  -7435  -7075  -7728  -9206 -10742  -6318  -5972  -6596  -4768  -6180  -7231  -8724  -7784  -6125  -6916  -6123  -6164  -5783  -6630  -6078 
 -5312  -5214  -2630  -6931      0  -5873  -3450  -6558  -7666  -4247  -5014  -7631  -8464  -7683  -8793  -8247  -6709  -6986  -6467  -6470  -7358 -10237  -8301  -7750  -7919  -7095  -9089  -8884  -9113  -9188  -6288  -6959  -7687  -8493  -6961  -7458  -7403  -6709  -6789  -5997  -9213  -7729  -9423  -6582  -6669  -5493  -7957  -7120  -6867 
 -5686  -5030  -7508  -6238  -5873      0  -6334  -2924  -5933  -6841  10929  -7052  -8740  -7279  -8998  -8940  -6305  -9157  -8696  -8887  -7471  -7627 -10043  -7944  -7698  -9347  -9033  -7187  -7925 -10090  -7671  -8008  -6461  -8294  -7662  -9330  -8977  -7097  -6251  -8759  -8257  -9595  -9601  -7188  -7475  -8360  -8880  -7287  -8028 
 -4258  -3376     47  -6057  -3450  -6334      0  -1347  -7048  21014  -4310 -10987  -8809  -7208  -9405 -10255  -8439  -9427  -9817  -8988  -7975 -10578  -8047  -9646  -8827  -8879  -9438  -8708  -9544  -9119  -6543  -7401  -6476  -8060  -6796  -9118  -8871 -10280  -7951 -10890  -9909  -8865  -5356  -5455  -5997  -6438  -6662  -6269  -6448 
 -8682  -6995  -4240  -6485  -6558  -2924  -1347      0  -6699  -1476  -2435  -8741  -8122  -9468  -8663  -6780  -4186  -7619  -8764  -7549  -6855  -7100  -6985  -7003  -6692  -8222  -6650  -6212  -5889  -8138  -6177  -6768  -5469  -5888  -6970  -7771  -9240  -8423  -8324  -9072  -7525  -8681  -4815  -5889  -6711  -6489  -9034  -6963  -5669 
 -5677  -6553  -8404  -6304  -7666  -5933  -7048  -6699      0  -6534  -4910 -11048  -8881 -10252  -9496  -9940 -10140 -10262 -11389 -10175  -9207  -8863  -7328  -4808  -9209  -7885  -8888  -7689  -8371  -8336 -10466  -9128  -8603 -11246 -10740  -9691  -9734  -9469  -8986  -8649 -10325  -8686  -8914  -9745 -10455  -9156 -10721 -10465  -9784 
 -3870  -3207    618  -5316  -4247  -6841  21014  -1476  -6534      0  -5134 -10453  -8453  -8534 -10010  -9562  -8303  -9508 -10136  -9760  -8728  -9990  -8154  -9790  -9677  -9046  -8750  -8646  -8319  -8828  -7661  -6846  -6989  -9194  -7739  -8663  -9131 -10127  -7868 -10769 -10437  -8880  -6062  -5584  -6293  -6567  -7309  -6550  -6729 
 -4568  -4220  -8067  -4714  -5014  10929  -4310  -2435  -4910  -5134      0  -8014  -8818  -9388  -8703  -8835  -6514  -9060  -9873  -9237  -7101  -9761  -6723  -6370  -7132  -8382  -8315  -7564  -8394  -9664  -8844  -6990  -6881  -6766  -7451  -8918  -8247  -6761  -6297  -9206  -8799  -9230 -10970  -5752  -7446  -6539 -10103  -6847  -6586 
 -8570  -7667  -9024  -7258  -7631  -7052 -10987  -8741 -11048 -10453  -8014      0    195  -4347   -491   1664   1251   2579   1772   2837  -1038  -1523  -1591   1537   1786    545   1343   3130    814  -1005  -1087   1158   2867    344   -815   -116   1123   -832  -2456  -1340  -4608 -10256 -10627  -5388  -6258  -7900  -7522  -6776  -7573 
 -8493  -9802  -8774  -9500  -8464  -8740  -8809  -8122  -8881  -8453  -8818    195      0  -3268  -3730  -2030  -2142  -5755  -5537  -4922  -3204  -2827  -5597  -2480  -1791  -3247  -2225  -1545  -3798  -4231  -3060  -1261  -2548  -2829  -2164  -5196  -5084   -181  -1804  -5210  -3405 -10656 -10772  -6214  -7106  -9584  -6915  -6378 -10286 
 -8043  -9447  -8503  -8000  -7683  -7279  -7208  -9468 -10252  -8534  -9388  -4347  -3268      0   3669  -1631  -1710  -4514  -4524  -4397  -5042  -2121  -5792   2594  -2552  -2826  -2134  -2867   1132  -3997   5929  -2433   -814   2524   -648  -4553  -4791   9833  10061   2454   2383  -8205  -9478  -9732  -8562 -10120  -6758  -8868  -9549 
 -7508 -10145  -7275  -6720  -8793  -8998  -9405  -8663  -9496 -10010  -8703   -491  -3730   3669      0   3248   2979   -848  -1306  -1638  -3469   -210  -4044   5398   2703   1405   2309   3470   7404   2878   4921   4065   1959   4686   -879  -1973   -528   3543   4345   1258    563  -8434  -8661  -6139  -5365  -8350  -5357  -6299  -8124 
 -8698  -9308  -7029  -9717  -8247  -8940 -10255  -6780  -9940  -9562  -8835   1664  -2030  -1631   3248      0   2209   -362    403   1300  -1847   -893  -1235   1307   3191   3392   4268   4459   4728   3020    977   5456   4221   2223    -14   -379    673  -1809  -1605  -3515  -4101  -8505  -9325  -8694  -6406  -9561  -5892  -7617  -8560 
 -8721  -8975  -6920  -6985  -6709  -6305  -8439  -4186 -10140  -8303  -6514   1251  -2142  -1710   2979   2209      0   1792  -1014   -299    298   5236   -198   4102  11219   5527   9259   9773   7675   5352   4433   9983  10500   6360   5094   3943   5297   -533  -2158  -2022  -3375  -8989  -7273  -2750  -6530  -8381  -3162  -6946  -3650 
 -6770  -6861  -7201  -5767  -6986  -9157  -9427  -7619 -10262  -9508  -9060   2579  -5755  -4514   -848   -362   1792      0  17020  19463  13233   4043  -2459   -676   4314    698   1410   2430   1228      0    247   4656   2416  -1320   -920   2108   4006  -3098  -3399  -3544  -4279  -8633 -10125  -6013  -4260  -7358  -4687  -6310  -5371 
 -8043  -9472  -7551  -6723  -6467  -8696  -9817  -8764 -11389 -10136  -9873   1772  -5537  -4524  -1306    403  -1014  17020      0  17613  11576   1444  -4508   -927   3163    738    685    423   1527    -57   -998   2210    -58     22  -2725   2111   3038  -3315  -3506  -3038  -4344  -9757  -8021  -8962  -5718  -8151  -5569  -7732  -8121 
 -8198  -7636  -7611  -5923  -6470  -8887  -8988  -7549 -10175  -9760  -9237   2837  -4922  -4397  -1638   1300   -299  19463  17613      0  10792   1445  -4207   -853   2024   1205   1394   1106   -378   -516   -376   2526    524    189  -2746   1534   2864  -3815  -4178  -2990  -4629  -9275  -9129  -9853  -5961  -8650  -5713  -8011  -8397 
 -8283  -9266  -6900  -5149  -7358  -7471  -7975  -6855  -9207  -8728  -7101  -1038  -3204  -5042  -3469  -1847    298  13233  11576  10792      0   7034  -4345  -2940   1285  -3611  -2684   -523   -654    199   -494   -736  -1837  -2700  -1882   2153   3419  -4059  -5120  -3907  -4885  -8557  -8329  -6281  -7101 -10659  -4633  -8198  -6193 
 -8382  -9066  -7333  -6392 -10237  -7627 -10578  -7100  -8863  -9990  -9761  -1523  -2827  -2121   -210   -893   5236   4043   1444   1445   7034      0  -5456   -881   2731  -1720   -957   2089   2706   2651    764   3292   2020   -304  -1766   3827   5192   -407   -199  -3093  -3507  -7988  -7769  -5678  -8268 -10973   -996  -8725  -5774 
 -8419  -9399  -7899  -8350  -8301 -10043  -8047  -6985  -7328  -8154  -6723  -1591  -5597  -5792  -4044  -1235   -198  -2459  -4508  -4207  -4345  -5456      0   5758   5215   6682   5752   5720   3030   2921     78   1403   1687   2906     90   -689   -749  -7184 -10165  -6692  -7738  -8088  -6780  -6280  -6892  -5275  -8912  -6981  -2743 
 -7725  -8119  -8245  -6336  -7750  -7944  -9646  -7003  -4808  -9790  -6370   1537  -2480   2594   5398   1307   4102   -676   -927   -853  -2940   -881   5758      0   8412  12035  10435  11465  12633   8742  12726   5377   6585  15401   5449    168    348   4855   1602   4650  -1669  -9358  -9588  -6280  -7129  -9985  -6882  -8081  -9675 
 -8197  -8727  -7763  -9416  -7919  -7698  -8827  -6692  -9209  -9677  -7132   1786  -1791  -2552   2703   3191  11219   4314   3163   2024   1285   2731   5215   8412      0   8851   8620  11365   6731   5860   4012  11437  10600   5191   3501   5111   7326  -3111  -2056  -2118  -5021  -8453  -8233  -2952  -4897  -9701  -4251  -6503  -6974 
 -9051  -9730  -7865  -7061  -7095  -9347  -8879  -8222  -7885  -9046  -8382    545  -3247  -2826   1405   3392   5527    698    738   1205  -3611  -1720   6682  12035   8851      0  12511  12399   9236   7168   4744   7005   6198   6164   4404   -910    -67  -2726  -5405  -2664  -4950  -9296  -8620  -7038  -6774  -8417  -6494  -7335  -8100 
 -9173  -8755  -9199  -8167  -9089  -9033  -9438  -6650  -8888  -8750  -8315   1343  -2225  -2134   2309   4268   9259   1410    685   1394  -2684   -957   5752  10435   8620  12511      0  20147  10482   9944   8025   9831  10433   8916  10221   1013    567  -3387  -4999  -1870  -4274 -10197  -9616  -6552  -6846  -9105  -7758  -6617  -8868 
 -8530  -8675  -8815  -7149  -8884  -7187  -8708  -6212  -7689  -8646  -7564   3130  -1545  -2867   3470   4459   9773   2430    423   1106   -523   2089   5720  11465  11365  12399  20147      0  10206  11600   9260  12256  13806   9070   9393   3259   3068  -1903  -4180  -2211  -3645 -10267 -10604  -1762  -5353  -7641  -5687  -5338  -4720 
 -7320  -8604  -7132  -6094  -9113  -7925  -9544  -5889  -8371  -8319  -8394    814  -3798   1132   7404   4728   7675   1228   1527   -378   -654   2706   3030  12633   6731   9236  10482  10206      0  13846  12551   5727   6673  10385   6528   1735   2288   3247   3245   1832   2100  -7842  -8603  -6567  -7390  -9466  -5485  -6999  -8403 
 -6748 -10611  -8791  -7435  -9188 -10090  -9119  -8138  -8336  -8828  -9664  -1005  -4231  -3997   2878   3020   5352      0    -57   -516    199   2651   2921   8742   5860   7168   9944  11600  13846      0  10171   6645   7922   8041   9405   3326   3580  -2903  -3854  -4587  -1239  -7878  -7602  -6869  -7415  -8377  -7521  -7439  -8013 
 -8605 -10059  -9939  -7075  -6288  -7671  -6543  -6177 -10466  -7661  -8844  -1087  -3060   5929   4921    977   4433    247   -998   -376   -494    764     78  12726   4012   4744   8025   9260  12551  10171      0   5999   8004  12463  17311    621   1071   4917   1837   3119   1860 -10051 -11229  -7871  -7540  -7603  -6551  -7774  -7612 
 -9364  -9057 -10206  -7728  -6959  -8008  -7401  -6768  -9128  -6846  -6990   1158  -1261  -2433   4065   5456   9983   4656   2210   2526   -736   3292   1403   5377  11437   7005   9831  12256   5727   6645   5999      0  18648   7693   5245   2136   3857  -1738  -1027  -2027  -2632  -9362  -9155  -3735  -7040  -9707  -5090  -7514  -5012 
 -9425  -8977 -10097  -9206  -7687  -6461  -6476  -5469  -8603  -6989  -6881   2867  -2548   -814   1959   4221  10500   2416    -58    524  -1837   2020   1687   6585  10600   6198  10433  13806   6673   7922   8004  18648      0  12782   8343    957   1827  -2080  -2059  -2180  -1900  -8980 -10418  -3907  -6894  -8780  -4581  -6748  -6199 
-10218  -9664 -10074 -10742  -8493  -8294  -8060  -5888 -11246  -9194  -6766    344  -2829   2524   4686   2223   6360  -1320     22    189  -2700   -304   2906  15401   5191   6164   8916   9070  10385   8041  12463   7693  12782      0   7731   -303   -228   4161   1053   4689    578  -8896  -9840  -5832  -6725  -8030  -7788  -6356  -8901 
 -7730  -9794  -8943  -6318  -6961  -7662  -6796  -6970 -10740  -7739  -7451   -815  -2164   -648   -879    -14   5094   -920  -2725  -2746  -1882  -1766     90   5449   3501   4404  10221   9393   6528   9405  17311   5245   8343   7731      0  -1653  -1172  -2202  -4368  -3736  -2465  -9648 -10123  -7945  -7021  -8870  -7208  -7448  -8406 
 -5034 -10310  -7944  -5972  -7458  -9330  -9118  -7771  -9691  -8663  -8918   -116  -5196  -4553  -1973   -379   3943   2108   2111   1534   2153   3827   -689    168   5111   -910   1013   3259   1735   3326    621   2136    957   -303  -1653      0  22234  -1430  -3327  -3992  -5202  -8320  -8217  -5049  -7653  -7910  -3850  -7412  -5663 
 -6169  -9231  -7857  -6596  -7403  -8977  -8871  -9240  -9734  -9131  -8247   1123  -5084  -4791   -528    673   5297   4006   3038   2864   3419   5192   -749    348   7326    -67    567   3068   2288   3580   1071   3857   1827   -228  -1172  22234      0  -1604  -2039  -2558  -5034  -7910  -8415  -5987  -7269  -8679  -3677  -9001  -5773 
 -6484  -7589  -7941  -4768  -6709  -7097 -10280  -8423  -9469 -10127  -6761   -832   -181   9833   3543  -1809   -533  -3098  -3315  -3815  -4059   -407  -7184   4855  -3111  -2726  -3387  -1903   3247  -2903   4917  -1738  -2080   4161  -2202  -1430  -1604      0  21070   4097   -469  -7713  -8845  -6130  -3033  -7304  -4316  -3996  -6698 
 -6671  -8313  -7054  -6180  -6789  -6251  -7951  -8324  -8986  -7868  -6297  -2456  -1804  10061   4345  -1605  -2158  -3399  -3506  -4178  -5120   -199 -10165   1602  -2056  -5405  -4999  -4180   3245  -3854   1837  -1027  -2059   1053  -4368  -3327  -2039  21070      0   4787   2548  -9235  -8352  -6735  -5548  -8408  -4466  -6554  -8362 
 -8595  -7579  -9719  -7231  -5997  -8759 -10890  -9072  -8649 -10769  -9206  -1340  -5210   2454   1258  -3515  -2022  -3544  -3038  -2990  -3907  -3093  -6692   4650  -2118  -2664  -1870  -2211   1832  -4587   3119  -2027  -2180   4689  -3736  -3992  -2558   4097   4787      0    395  -8320  -9332  -7181  -6083  -9428  -6544  -7672 -10510 
 -9472  -9452 -10707  -8724  -9213  -8257  -9909  -7525 -10325 -10437  -8799  -4608  -3405   2383    563  -4101  -3375  -4279  -4344  -4629  -4885  -3507  -7738  -1669  -5021  -4950  -4274  -3645   2100  -1239   1860  -2632  -1900    578  -2465  -5202  -5034   -469   2548    395      0  -8104  -9343  -9428  -9211 -11596  -7908  -8768 -10395 
 -9474  -9918  -4871  -7784  -7729  -9595  -8865  -8681  -8686  -8880  -9230 -10256 -10656  -8205  -8434  -8505  -8989  -8633  -9757  -9275  -8557  -7988  -8088  -9358  -8453  -9296 -10197 -10267  -7842  -7878 -10051  -9362  -8980  -8896  -9648  -8320  -7910  -7713  -9235  -8320  -8104      0  -2391  -8523  -7852  -5532  -7139  -8639  -6020 
 -8636  -7611  -6329  -6125  -9423  -9601  -5356  -4815  -8914  -6062 -10970 -10627 -10772  -9478  -8661  -9325  -7273 -10125  -8021  -9129  -8329  -7769  -6780  -9588  -8233  -8620  -9616 -10604  -8603  -7602 -11229  -9155 -10418  -9840 -10123  -8217  -8415  -8845  -8352  -9332  -9343  -2391      0 -11703 -11909 -10103 -11128 -11621  -8674 
 -5643  -7834  -5718  -6916  -6582  -7188  -5455  -5889  -9745  -5584  -5752  -5388  -6214  -9732  -6139  -8694  -2750  -6013  -8962  -9853  -6281  -5678  -6280  -6280  -2952  -7038  -6552  -1762  -6567  -6869  -7871  -3735  -3907  -5832  -7945  -5049  -5987  -6130  -6735  -7181  -9428  -8523 -11703      0  17736  12669   8808  19931  13942 
 -5896  -7571  -5372  -6123  -6669  -7475  -5997  -6711 -10455  -6293  -7446  -6258  -7106  -8562  -5365  -6406  -6530  -4260  -5718  -5961  -7101  -8268  -6892  -7129  -4897  -6774  -6846  -5353  -7390  -7415  -7540  -7040  -6894  -6725  -7021  -7653  -7269  -3033  -5548  -6083  -9211  -7852 -11909  17736      0  12466   8690  24693  12810 
 -5287  -7799  -4827  -6164  -5493  -8360  -6438  -6489  -9156  -6567  -6539  -7900  -9584 -10120  -8350  -9561  -8381  -7358  -8151  -8650 -10659 -10973  -5275  -9985  -9701  -8417  -9105  -7641  -9466  -8377  -7603  -9707  -8780  -8030  -8870  -7910  -8679  -7304  -8408  -9428 -11596  -5532 -10103  12669  12466      0   -590  13201  21119 
 -7514  -8558  -7107  -5783  -7957  -8880  -6662  -9034 -10721  -7309 -10103  -7522  -6915  -6758  -5357  -5892  -3162  -4687  -5569  -5713  -4633   -996  -8912  -6882  -4251  -6494  -7758  -5687  -5485  -7521  -6551  -5090  -4581  -7788  -7208  -3850  -3677  -4316  -4466  -6544  -7908  -7139 -11128   8808   8690   -590      0   6978   2488 
 -5126  -8509  -6523  -6630  -7120  -7287  -6269  -6963 -10465  -6550  -6847  -6776  -6378  -8868  -6299  -7617  -6946  -6310  -7732  -8011  -8198  -8725  -6981  -8081  -6503  -7335  -6617  -5338  -6999  -7439  -7774  -7514  -6748  -6356  -7448  -7412  -9001  -3996  -6554  -7672  -8768  -8639 -11621  19931  24693  13201   6978      0  14021 
 -5642  -8423  -5375  -6078  -6867  -8028  -6448  -5669  -9784  -6729  -6586  -7573 -10286  -9549  -8124  -8560  -3650  -5371  -8121  -8397  -6193  -5774  -2743  -9675  -6974  -8100  -8868  -4720  -8403  -8013  -7612  -5012  -6199  -8901  -8406  -5663  -5773  -6698  -8362 -10510 -10395  -6020  -8674  13942  12810  21119   2488  14021      0 
