     0  -1199  -3572  11239  -5312  -5686  -4258  -8682  -5677  -3870  -4568  -8570  -8493  -8043  -7508  -8698  -8721  -6770  -8043  -8198  -8283  -8382  -8419  -7725  -8197  -9051  -9173  -8530  -7320  -6748  -8605  -9364  -9425 -10218  -7730  -5034  -6169  -6484  -6671  -8595  -9472  -9474  -8636  -5643  -5896  -5287  -7514  -5126  -5642 
 -1199      0  -5505   -586  -5214  -5030  -3376  -6995  -6553  -3207  -4220  -7667  -9802  -9447 -10145  -9308  -8975  -6861  -9472  -7636  -9266  -9066  -9399  -8119  -8727  -9730  -8755  -8675  -8604 -10611 -10059  -9057  -8977  -9664  -9794 -10310  -9231  -7589  -8313  -7579  -9452  -9918  -7611  -7834  -7571  -7799  -8558  -8509  -8423 
 -3572  -5505      0  -5496  -2630  -7508     47  -4240  -8404    618  -8067  -9024  -8774  -8503  -7275  -7029  -6920  -7201  -7551  -7611  -6900  -7333  -7899  -8245  -7763  -7865  -9199  -8815  -7132  -8791  -9939 -10206 -10097 -10074  -8943  -7944  -7857  -7941  -7054  -9719 -10707  -4871  -6329  -5718  -5372  -4827  -7107  -6523  -5375 
 11239   -586  -5496      0  -6931  -6238  -6057  -6485  -6304  -5316  -4714  -7258  -9500  -8000  -6720  -9717  -6985  -5767  -6723  -5923  -5149  -6392  -8350  -6336  -9416  -7061  -8167  -7149  -6094  -7435  -7075  -7728  -9206 -10742  -6318  -5972  -6596  -4768  -6180  -7231  -8724  -7784  -6125  -6916  -6123  -6164  -5783  -6630  -6078 
 -5312  -5214  -2630  -6931      0  -5873  -3450  -6558  -7666  -4247  -5014  -7631  -8464  -7683  -8793  -8247  -6709  -6986  -6467  -6470  -7358 -10237  -8301  -7750  -7919  -7095  -9089  -8884  -9113  -9188  -6288  -6959  -7687  -8493  -6961  -7458  -7403  -6709  -6789  -5997  -9213  -7729  -9423  -6582  -6669  -5493  -7957  -7120  -6867 
 -5686  -5030  -7508  -6238  -5873      0  -6334  -2924  -5933  -6841  10929  -7052  -8740  -7279  -8998  -8940  -6305  -9157  -8696  -8887  -7471  -7627 -10043  -7944  -7698  -9347  -9033  -7187  -7925 -10090  -7671  -8008  -6461  -8294  -7662  -9330  -8977  -7097  -6251  -8759  -8257  -9595  -9601  -7188  -7475  -8360  -8880  -7287  -8028 
 -4258  -3376     47  -6057  -3450  -6334      0  -1347  -7048  21014  -4310 -10987  -8809  -7208  -9405 -10255  -8439  -9427  -9817  -8988  -7975 -10578  -8047  -9646  -8827  -8879  -9438  -8708  -9544  -9119  -6543  -7401  -6476  -8060  -6796  -9118  -8871 -10280  -7951 -10890  -9909  -8865  -5356  -5455  -5997  -6438  -6662  -6269  -6448 
 -8682  -6995  -4240  -6485  -6558  -2924  -1347      0  -6699  -1476  -2435  -8741  -8122  -9468  -8663  -6780  -4186  -7619  -8764  -7549  -6855  -7100  -6985  -7003  -6692  -8222  -6650  -6212  -5889  -8138  -6177  -6768  -5469  -5888  -6970  -7771  -9240  -8423  -8324  -9072  -7525  -8681  -4815  -5889  -6711  -6489  -9034  -6963  -5669 
 -5677  -6553  -8404  -6304  -7666  -5933  -7048  -6699      0  -6534  -4910 -11048  -8881 -10252  -9496  -9940 -10140 -10262 -11389 -10175  -9207  -8863  -7328  -4808  -9209  -7885  -8888  -7689  -8371  -8336 -10466  -9128  -8603 -11246 -10740  -9691  -9734  -9469  -8986  -8649 -10325  -8686  -8914  -9745 -10455  -9156 -10721 -10465  -9784 
 -3870  -3207    618  -5316  -4247  -6841  21014  -1476  -6534      0  -5134 -10453  -8453  -8534 -10010  -9562  -8303  -9508 -10136  -9760  -8728  -9990  -8154  -9790  -9677  -9046  -8750  -8646  -8319  -8828  -7661  -6846  -6989  -9194  -7739  -8663  -9131 -10127  -7868 -10769 -10437  -8880  -6062  -5584  -6293  -6567  -7309  -6550  -6729 
 -4568  -4220  -8067  -4714  -5014  10929  -4310  -2435  -4910  -5134      0  -8014  -8818  -9388  -8703  -8835  -6514  -9060  -9873  -9237  -7101  -9761  -6723  -6370  -7132  -8382  -8315  -7564  -8394  -9664  -8844  -6990  -6881  -6766  -7451  -8918  -8247  -6761  -6297  -9206  -8799  -9230 -10970  -5752  -7446  -6539 -10103  -6847  -6586 
 -8570  -7667  -9024  -7258  -7631  -7052 -10987  -8741 -11048 -10453  -8014      0   5009     51   3874   1664   3943   7799   6992   8057  -1038   3259  -1269   6360   5099   5765   6166   6187   5637   3818   3736   5574   5639   5491   4008   1998  -1307   3012   1590   3278  -4608 -10256 -10627  -7957  -7738  -7900  -7786  -7518  -7573 
 -8493  -9802  -8774  -9500  -8464  -8740  -8809  -8122  -8881  -8453  -8818   5009      0   1379   1210  -2030   2283   -504   -667    329  -3204   1665  -5597   2788   2946   2004   3043   1959   1470   1037   2208   3511   2609   2778   3104     31  -5084   5167   3523   -871  -3405 -10656 -10772  -6214  -7106  -9584  -6915  -6378 -10286 
 -8043  -9447  -8503  -8000  -7683  -7279  -7208  -9468 -10252  -8534  -9388     51   1379      0   3669  -2029   3367   -575   -585     75  -5042    817  -4635   2594   2417   1714   3331   2598   1733    867   5929   1935   4050   2524   4321   -185  -4791   6660   7886   2454  -4921  -8205  -9478  -9732  -8562 -10120  -6758  -8868  -9549 
 -7508 -10145  -7275  -6720  -8793  -8998  -9405  -8663  -9496 -10010  -8703   3874   1210   3669      0   3068   7268   3012   2554   2222  -3469   3650  -4044   5398   6992   5265   7094   8255   7404   7663   4921   8354   6744   4686   3410   2316   -528   3543   4345   1258  -4042  -8434  -8661  -6139  -5365  -8350  -5357  -6299  -8124 
 -8698  -9308  -7029  -9717  -8247  -8940 -10255  -6780  -9940  -9562  -8835   1664  -2030  -2029   3068      0   2209   -362    403   1300  -1847   -893  -1235   1307   3191   3392   4268   4459   4728   3020    977   5456   4221   2011    -14   -379    673  -2745  -3940  -5728  -6322  -8505  -9325  -8694  -6406  -9561  -5892  -7617  -8560 
 -8721  -8975  -6920  -6985  -6709  -6305  -8439  -4186 -10140  -8303  -6514   3943   2283   3367   7268   2209      0   3922   3287   4002  -1298   6028   -634  10672  12430  11274  15414  12446  13830  10061  10930  10049  12255  12878  11591   4957   1602   4288   3243   4021  -3375  -8989  -7273  -5978  -6530  -8381  -6221  -6946  -9226 
 -6770  -6861  -7201  -5767  -6986  -9157  -9427  -7619 -10262  -9508  -9060   7799   -504   -575   3012   -362   3922      0  21718  24161  11052   6127  -3347   3625   7066   5396   5711   5287   5529   4301   4548   6401   5699   3305   3381   5034   2601    882  -1013    848  -4279  -8633 -10125  -8243  -4260  -7358  -4687  -6310  -6764 
 -8043  -9472  -7551  -6723  -6467  -8696  -9817  -8764 -11389 -10136  -9873   6992   -667   -585   2554    403   3287  21718      0  22311  11576   6142  -3538   3374   7464   5436   4986   4724   5828   4244   3303   6511   4640   4647   1576   6412   3038    390   -448   1354  -4344  -9757  -8021  -8962  -5718  -8151  -5569  -7732  -8121 
 -8198  -7636  -7611  -5923  -6470  -8887  -8988  -7549 -10175  -9760  -9237   8057    329     75   2222   1300   4002  24161  22311      0  10792   6143  -3523   3448   6325   5903   5695   5407   3923   3785   3925   6827   5222   4814   1555   5835   2864   -369  -2026   1402  -4629  -9275  -9129  -9853  -5961  -8650  -5713  -8011  -8397 
 -8283  -9266  -6900  -5149  -7358  -7471  -7975  -6855  -9207  -8728  -7101  -1038  -3204  -5042  -3469  -1847  -1298  11052  11576  10792      0   4486  -7070  -2940  -1329  -3611  -2684  -1967   -654    199   -494  -3470  -2677  -2700  -1882    832   3419  -4059  -5120  -3907  -4885  -8557  -8329  -6281  -4592  -6684  -4633  -5746  -6407 
 -8382  -9066  -7333  -6392 -10237  -7627 -10578  -7100  -8863  -9990  -9761   3259   1665    817   3650   -893   6028   6127   6142   6143   4486      0  -6630   3420   4399   2978   3344   3818   7007   6952   5065   4646   4842   4321   2535   5952   3016   2685   2253   1299  -3507  -7988  -7769  -8412  -8268 -10973  -5590  -8725 -10936 
 -8419  -9399  -7899  -8350  -8301 -10043  -8047  -6985  -7328  -8154  -6723  -1269  -5597  -4635  -4044  -1235   -634  -3347  -3538  -3523  -7070  -6630      0   6540   6373   7861   6638   6317   3511   3190    207   1815   2866   4105    726  -2948  -2979  -7184  -9212  -5516  -7738  -8088  -8631  -6280  -7576  -5651  -8972  -6981  -4641 
 -7725  -8119  -8245  -6336  -7750  -7944  -9646  -7003  -4808  -9790  -6370   6360   2788   2594   5398   1307  10672   3625   3374   3448  -2940   3420   6540      0  14909  17782  16590  17620  14079  13451  12726  10086  11315  15401  11946   4877    348   3428   1602   4650  -6415  -9358  -9588  -6280  -7129  -9985  -6882  -8081  -9675 
 -8197  -8727  -7763  -9416  -7919  -7698  -8827  -6692  -9209  -9677  -7132   5099   2946   2417   6992   3191  12430   7066   7464   6325  -1329   4399   6373  14909      0  14598  14775  14427  12886  10569  10373  12551  11172  11636   9862   8785   6291   2855   3315   4026  -5021  -8453  -8233  -5374  -5080  -9701  -5708  -6503  -9557 
 -9051  -9730  -7865  -7061  -7095  -9347  -8879  -8222  -7885  -9046  -8382   5765   2004   1714   5265   3392  11274   5396   5436   5903  -3611   2978   7861  17782  14598      0  18218  18106  14943  11469  10491  11306  10896  12235  10151   3391    -67   1613   -412   3051  -4950  -9296  -8620  -7038  -6774  -8417  -6494  -7335  -8100 
 -9173  -8755  -9199  -8167  -9089  -9033  -9438  -6650  -8888  -8750  -8315   6166   3043   3331   7094   4268  15414   5711   4986   5695  -2684   3344   6638  16590  14775  18218      0  26758  16597  15149  14180  14540  15659  15019  16376   5722    567   1964    932   4783  -4274 -10197  -9616  -6552  -6846  -9105  -7758  -6617  -8868 
 -8530  -8675  -8815  -7149  -8884  -7187  -8708  -6212  -7689  -8646  -7564   6187   1959   2598   8255   4459  12446   5287   4724   5407  -1967   3818   6317  17620  14427  18106  26758      0  16321  16805  15415  13762  16051  15173  15548   6161   1261   3448   1751   4442  -3645 -10267 -11178  -4804  -5353  -7641  -7484  -5338  -7292 
 -7320  -8604  -7132  -6094  -9113  -7925  -9544  -5889  -8371  -8319  -8394   5637   1470   1733   7404   4728  13830   5529   5828   3923   -654   7007   3511  14079  12886  14943  16597  16321      0  18555  13997  10436  11403  11831  12683   6444   2288   3247   3424   3155  -2009  -7842  -8603  -6567  -7390  -9466  -5485  -6999  -8403 
 -6748 -10611  -8791  -7435  -9188 -10090  -9119  -8138  -8336  -8828  -9664   3818   1037    867   7663   3020  10061   4301   4244   3785    199   6952   3190  13451  10569  11469  15149  16805  18555      0  14880  11354  13148  12698  14114   8035   3580   2448   1476    743  -1239  -7878  -7602  -6869  -7415  -8377  -7521  -7439  -8013 
 -8605 -10059  -9939  -7075  -6288  -7671  -6543  -6177 -10466  -7661  -8844   3736   2208   5929   4921    977  10930   4548   3303   3925   -494   5065    207  12726  10373  10491  14180  15415  13997  14880      0  10708  12734  12463  23672   5330   1071   3520   1837   3119  -2338 -10051 -11229  -7871  -7540  -7603  -6551  -7774  -7612 
 -9364  -9057 -10206  -7728  -6959  -8008  -7401  -6768  -9128  -6846  -6990   5574   3511   1935   8354   5456  10049   6401   6511   6827  -3470   4646   1815  10086  12551  11306  14540  13762  10436  11354  10708      0  20030  12350   9954   4404   1554   3083   3773   2773  -2632  -9362  -9356  -8493  -7136  -9707  -6571  -7514  -9391 
 -9425  -8977 -10097  -9206  -7687  -6461  -6476  -5469  -8603  -6989  -6881   5639   2609   4050   6744   4221  12255   5699   4640   5222  -2677   4842   2866  11315  11172  10896  15659  16051  11403  13148  12734  20030      0  17836  13073   4637    777   3218   3292   3171  -1900  -8980 -10418  -7585  -7077  -8780  -6151  -7345  -9274 
-10218  -9664 -10074 -10742  -8493  -8294  -8060  -5888 -11246  -9194  -6766   5491   2778   2524   4686   2011  12878   3305   4647   4814  -2700   4321   4105  15401  11636  12235  15019  15173  11831  12698  12463  12350  17836      0  14176   4354   -228   2868   1053   4689  -3701  -8896  -9840  -5832  -6725  -8030  -7788  -6356  -8901 
 -7730  -9794  -8943  -6318  -6961  -7662  -6796  -6970 -10740  -7739  -7451   4008   3104   4321   3410    -14  11591   3381   1576   1555  -1882   2535    726  11946   9862  10151  16376  15548  12683  14114  23672   9954  13073  14176      0   3056  -1172   2459   1033   2307  -2465  -9648 -10123  -7945  -7021  -8870  -7208  -7448  -8406 
 -5034 -10310  -7944  -5972  -7458  -9330  -9118  -7771  -9691  -8663  -8918   1998     31   -185   2316   -379   4957   5034   6412   5835    832   5952  -2948   4877   8785   3391   5722   6161   6444   8035   5330   4404   4637   4354   3056      0  18939   3309   1473    808  -5202  -8320  -8380  -6398  -7653  -7910  -6233  -7412  -8136 
 -6169  -9231  -7857  -6596  -7403  -8977  -8871  -9240  -9734  -9131  -8247  -1307  -5084  -4791   -528    673   1602   2601   3038   2864   3419   3016  -2979    348   6291    -67    567   1261   2288   3580   1071   1554    777   -228  -1172  18939      0  -1604  -2039  -2558  -5034  -7910  -8942  -6188  -6280  -6324  -4873  -7275  -6116 
 -6484  -7589  -7941  -4768  -6709  -7097 -10280  -8423  -9469 -10127  -6761   3012   5167   6660   3543  -2745   4288    882    390   -369  -4059   2685  -7184   3428   2855   1613   1964   3448   3247   2448   3520   3083   3218   2868   2459   3309  -1604      0  18276   2882  -5752  -7713  -8845  -6130  -3033  -7304  -4316  -3996  -6698 
 -6671  -8313  -7054  -6180  -6789  -6251  -7951  -8324  -8986  -7868  -6297   1590   3523   7886   4345  -3940   3243  -1013   -448  -2026  -5120   2253  -9212   1602   3315   -412    932   1751   3424   1476   1837   3773   3292   1053   1033   1473  -2039  18276      0   4787  -5399  -9235  -8352  -6735  -5548  -8408  -4466  -6554  -8362 
 -8595  -7579  -9719  -7231  -5997  -8759 -10890  -9072  -8649 -10769  -9206   3278   -871   2454   1258  -5728   4021    848   1354   1402  -3907   1299  -5516   4650   4026   3051   4783   4442   3155    743   3119   2773   3171   4689   2307    808  -2558   2882   4787      0  -4257  -8320  -9332  -7181  -6083  -9428  -6544  -7672 -10510 
 -9472  -9452 -10707  -8724  -9213  -8257  -9909  -7525 -10325 -10437  -8799  -4608  -3405  -4921  -4042  -6322  -3375  -4279  -4344  -4629  -4885  -3507  -7738  -6415  -5021  -4950  -4274  -3645  -2009  -1239  -2338  -2632  -1900  -3701  -2465  -5202  -5034  -5752  -5399  -4257      0  -8104  -9343  -9428  -9211 -11596  -7908  -8768 -10395 
 -9474  -9918  -4871  -7784  -7729  -9595  -8865  -8681  -8686  -8880  -9230 -10256 -10656  -8205  -8434  -8505  -8989  -8633  -9757  -9275  -8557  -7988  -8088  -9358  -8453  -9296 -10197 -10267  -7842  -7878 -10051  -9362  -8980  -8896  -9648  -8320  -7910  -7713  -9235  -8320  -8104      0  -5141  -8523  -7852  -5532  -7139  -9188  -6020 
 -8636  -7611  -6329  -6125  -9423  -9601  -5356  -4815  -8914  -6062 -10970 -10627 -10772  -9478  -8661  -9325  -7273 -10125  -8021  -9129  -8329  -7769  -8631  -9588  -8233  -8620  -9616 -11178  -8603  -7602 -11229  -9356 -10418  -9840 -10123  -8380  -8942  -8845  -8352  -9332  -9343  -5141      0 -11703 -12437 -11460 -11128 -12360 -11162 
 -5643  -7834  -5718  -6916  -6582  -7188  -5455  -5889  -9745  -5584  -5752  -7957  -6214  -9732  -6139  -8694  -5978  -8243  -8962  -9853  -6281  -8412  -6280  -6280  -5374  -7038  -6552  -4804  -6567  -6869  -7871  -8493  -7585  -5832  -7945  -6398  -6188  -6130  -6735  -7181  -9428  -8523 -11703      0  20441  15374   8943  22636  14077 
 -5896  -7571  -5372  -6123  -6669  -7475  -5997  -6711 -10455  -6293  -7446  -7738  -7106  -8562  -5365  -6406  -6530  -4260  -5718  -5961  -4592  -8268  -7576  -7129  -5080  -6774  -6846  -5353  -7390  -7415  -7540  -7136  -7077  -6725  -7021  -7653  -6280  -3033  -5548  -6083  -9211  -7852 -12437  20441      0  15171  11395  24142  15515 
 -5287  -7799  -4827  -6164  -5493  -8360  -6438  -6489  -9156  -6567  -6539  -7900  -9584 -10120  -8350  -9561  -8381  -7358  -8151  -8650  -6684 -10973  -5651  -9985  -9701  -8417  -9105  -7641  -9466  -8377  -7603  -9707  -8780  -8030  -8870  -7910  -6324  -7304  -8408  -9428 -11596  -5532 -11460  15374  15171      0   2115  15906  23959 
 -7514  -8558  -7107  -5783  -7957  -8880  -6662  -9034 -10721  -7309 -10103  -7786  -6915  -6758  -5357  -5892  -6221  -4687  -5569  -5713  -4633  -5590  -8972  -6882  -5708  -6494  -7758  -7484  -5485  -7521  -6551  -6571  -6151  -7788  -7208  -6233  -4873  -4316  -4466  -6544  -7908  -7139 -11128   8943  11395   2115      0   9683   2623 
 -5126  -8509  -6523  -6630  -7120  -7287  -6269  -6963 -10465  -6550  -6847  -7518  -6378  -8868  -6299  -7617  -6946  -6310  -7732  -8011  -5746  -8725  -6981  -8081  -6503  -7335  -6617  -5338  -6999  -7439  -7774  -7514  -7345  -6356  -7448  -7412  -7275  -3996  -6554  -7672  -8768  -9188 -12360  22636  24142  15906   9683      0  16726 
 -5642  -8423  -5375  -6078  -6867  -8028  -6448  -5669  -9784  -6729  -6586  -7573 -10286  -9549  -8124  -8560  -9226  -6764  -8121  -8397  -6407 -10936  -4641  -9675  -9557  -8100  -8868  -7292  -8403  -8013  -7612  -9391  -9274  -8901  -8406  -8136  -6116  -6698  -8362 -10510 -10395  -6020 -11162  14077  15515  23959   2623  16726      0 
