     0  -1277  -3926  10539  -5815  -6862  -4258  -9596  -5477  -3870  -4568  -8370  -8298  -9419  -7508  -8654  -9071  -6470  -7893  -8049  -8083  -9172  -9486  -8067  -9526  -9347 -10033  -9037  -7596  -7262  -8800  -9813  -9475 -10815  -8416  -6493  -6719  -7386  -7377  -8549  -9372  -9562  -9648  -5786  -6039  -5421  -7814  -5269  -6013 
 -1277      0  -5864   -786  -5514  -5123  -3632  -6995  -7284  -3397  -4900  -7718  -9971 -10045 -10045  -9189  -9618  -6861  -9401  -7636  -9302  -9316  -9146  -8869  -8627  -9530  -8802  -9003  -8392 -10713  -9859  -9388  -9062  -9823  -9677 -10570  -9205  -8189  -8213  -8770  -9402 -10426  -7809  -8795  -7771  -8313  -8458  -8885  -8699 
 -3926  -5864      0  -6622  -3139  -7796   -113  -5077  -8769    363  -9114  -9092  -9016  -8707  -8425  -8380  -7420  -8074  -7751  -7854  -7435  -7874  -8231  -8356  -8113  -8716 -10395  -9498  -7911  -8603 -10134 -11175 -10195 -10024  -8893  -8144  -8341  -8265  -6983  -9519 -10507  -5305  -6329  -5618  -6022  -4827  -7996  -6780  -5375 
 10539   -786  -6622      0  -7643  -6703  -6500  -6288  -6754  -5759  -4739  -7158  -9506  -8714  -6718  -9877  -7486  -5667  -6746  -5973  -5149  -6976  -8400  -6824  -9986  -7111  -8396  -7599  -6477  -7435  -7150  -7778  -9256 -11380  -6616  -6374  -6863  -5085  -6452  -7131  -9308  -8484  -6475  -6916  -6123  -6164  -5907  -6630  -6078 
 -5815  -5514  -3139  -7643      0  -6173  -3750  -8212  -8507  -4547  -5425  -8441  -8791  -7764  -9793  -9398  -8284  -7529  -7067  -7669  -8358 -10526  -8696  -8805  -8038  -7131 -10247  -9140  -9644  -9856  -6288  -8021  -8598  -9987  -7770  -8158  -8385  -7009  -6689  -6225  -9229  -7529 -10107  -7302  -6806  -5825  -8057  -7341  -7088 
 -6862  -5123  -7796  -6703  -6173      0  -6480  -3143  -6222  -7087  10929  -7287  -8740  -7398  -9618  -8761  -6828  -9516  -8686  -8827  -7271  -8122  -9943  -7744  -7640  -9403  -9233  -7087  -7760 -10150  -7971  -8225  -6600  -8194  -8262 -10030  -9384  -7776  -6395  -9126  -7239  -9247  -9735  -7252  -8160  -8360  -8880  -7995  -8281 
 -4258  -3632   -113  -6500  -3750  -6480      0  -1797  -7606  21014  -4360 -11799  -8910  -7228 -10304 -10408  -8939  -9377  -9867  -9645  -7944 -11269  -8096  -9880  -9739  -9933  -9715  -9044 -10119 -10008  -7040  -7301  -7507  -8039  -7108  -9534 -10504 -10212  -7851 -10890  -9809  -9476  -5427  -5455  -5997  -6338  -6837  -6269  -6348 
 -9596  -6995  -5077  -6288  -8212  -3143  -1797      0  -7175  -1926  -3346  -9441  -8022  -9980  -8563  -6680  -4086  -7985  -9215  -7849  -6728  -7100  -7329  -6920  -6692  -8214  -6550  -6212  -6189  -8138  -6177  -6768  -5469  -5888  -6870  -7771  -9140  -8516  -8400  -9814  -7740  -9220  -4815  -5889  -6752  -7357  -9034  -6963  -6101 
 -5477  -7284  -8769  -6754  -8507  -6222  -7606  -7175      0  -6754  -5110 -11733 -10210 -11110  -9482  -9948 -10670 -10410 -11430 -10219  -9207  -8996  -7828  -5408 -10109  -8629  -9498  -8389  -9241  -8336 -10884  -9269  -9011 -11829 -10740 -10397 -10165 -10069 -10499  -8649 -10519  -8829  -8947  -9759 -10672  -9515 -11841 -10682  -9885 
 -3870  -3397    363  -5759  -4547  -7087  21014  -1926  -6754      0  -5184 -11043  -9096  -8506 -10210  -9799  -8803  -9458 -10186  -9710  -9212 -10381  -7954 -10025  -9948  -9447  -9166  -8814  -8894  -8834  -8158  -6746  -7479  -9173  -8226  -8563  -9132 -10146  -7768 -10669 -10556  -8916  -6133  -5584  -6293  -6467  -7109  -6450  -6529 
 -4568  -4900  -9114  -4739  -5425  10929  -4360  -3346  -5110  -5184      0  -8214  -8978  -9869  -9119  -8947  -7033  -8997 -10466  -9497  -7258  -9918  -6523  -6203  -7095  -8587  -8781  -7815  -8252 -10268  -9188  -7182  -7050  -6671  -8340  -9368  -8704  -7726  -6485  -9106  -9249  -9130 -11534  -6939  -7446  -7101 -10277  -7154  -7316 
 -8370  -7718  -9092  -7158  -8441  -7287 -11799  -9441 -11733 -11043  -8214      0   -860  -4941   1869   5068   1262   5525   4718   5783  -1638  -2850  -2291   1087   -324   2691   2328   3749   3002  -1931    605   3093   2757   1032    732   -538  -1907    206  -2632   1154  -3382 -11459 -11487  -8549  -7638  -8657  -7824  -7418  -8219 
 -8298  -9971  -9016  -9506  -8791  -8740  -8910  -8022 -10210  -9096  -8978   -860      0  -3187  -2479  -2542  -1679  -4406  -5030  -3754  -3004   -540  -7832  -4215  -3356  -1598  -3298  -2713  -4466  -4853  -1039   -893  -1963  -2756    -34  -3506  -5218   1715   1022  -5607  -4500 -11399 -11679  -6114  -7468 -10188  -7285  -6313 -10620 
 -9419 -10045  -8707  -8714  -7764  -7398  -7228  -9980 -11110  -8506  -9869  -4941  -3187      0  -2695  -3850  -2864  -5826  -5541  -5552  -3987  -1977  -7462  -3875  -4245  -4413  -3967  -4512  -4947  -3958    126  -3276  -2320  -3990  -1098  -6275  -3548   1495   1986  -4187  -6021  -8105  -9752  -9983  -8430 -10276  -7030  -8768  -9549 
 -7508 -10045  -8425  -6718  -9793  -9618 -10304  -8563  -9482 -10210  -9119   1869  -2479  -2695      0   3268   4091    -77   -216   -867  -5019  -1467  -3944   1209   2503   2626   2889   5039   3268   2978   1371   5504   3398    570   -140   -684   -428     16    311  -2289  -4044  -8464  -8624  -6039  -5555  -8327  -5557  -6199  -8024 
 -8654  -9189  -8380  -9877  -9398  -8761 -10408  -6680  -9948  -9799  -8947   5068  -2542  -3850   3268      0   2259   1600   1960   1648  -3577  -2308  -1235   1497   3180   3767   4422   4459   4748   3020    377   5456   4321   2011   -714   -209    662  -1904  -3508  -3097  -4652  -8405  -9311  -8594  -6356  -9844  -5792  -7701  -9197 
 -9071  -9618  -7420  -7486  -8284  -6828  -8939  -4086 -10670  -8803  -7033   1262  -1679  -2864   4091   2259      0   3136   3390   2733  -2672   1319  -1209   4202   6133   7337  10727   8209   7850   5352   5694   6664  10484   6223   6182   2983   1702   1936    628    759  -2540  -8971  -7173  -4528  -6351  -7261  -6221  -7184  -9126 
 -6470  -6861  -8074  -5667  -7529  -9516  -9377  -7985 -10410  -9458  -8997   5525  -4406  -5826    -77   1600   3136      0  18928  20683   8852   -169  -4705  -1176   2074   1503   4534   3506   2852   -578   1891   2908   3060    -13   -331   3031   2361  -2123  -3090  -1382  -2611  -9201 -10582  -8357  -5510  -8997  -4904  -6945  -8307 
 -7893  -9401  -7751  -6746  -7067  -8686  -9867  -9215 -11430 -10186 -10466   4718  -5030  -5541   -216   1960   3390  18928      0  18833   9376    387  -5304  -1427   2584   1408   2908   2161   3066   -575    424   3026   1584    693  -1764   4229   2544  -2799  -3306   -774  -3034 -10647  -8721  -9062  -6075  -9106  -6167  -7992  -9153 
 -8049  -7636  -7854  -5973  -7669  -8827  -9645  -7849 -10219  -9710  -9497   5783  -3754  -5552   -867   1648   2733  20683  18833      0   8592   -103  -4657  -1353   1574   2075   4038   3213   1842  -1016    710   3342   1300    458  -1079   2659   2223  -2657  -3978   -836  -3346 -10241  -9479  -9609  -6415  -8975  -5987  -7990  -9284 
 -8083  -9302  -7435  -5149  -8358  -7271  -7944  -6728  -9207  -9212  -7258  -1638  -3004  -3987  -5019  -3577  -2672   8852   9376   8592      0   4686  -8720  -4613  -2870  -5228  -4738  -4499  -2204  -1251  -1854  -5086  -4455  -3893  -1832   -655    261  -4009  -5220  -3807  -5387  -9043  -8213  -9726  -8250 -11188  -6242  -9387 -11487 
 -9172  -9316  -7874  -6976 -10526  -8122 -11269  -7100  -8996 -10381  -9918  -2850   -540  -1977  -1467  -2308   1319   -169    387   -103   4686      0  -8685  -2531  -1452  -3228  -3146  -2502   1056   1251   1527   -955  -1156  -1704   -117   1999   2768   1896   1686  -3341  -4357  -8684  -8069  -9782  -8296 -11634  -5790  -9286 -11463 
 -9486  -9146  -8231  -8400  -8696  -9943  -8096  -7329  -7828  -7954  -6523  -2291  -7832  -7462  -3944  -1235  -1209  -4705  -5304  -4657  -8720  -8685      0   4769   5874   4744   5839   5820   3030   2221   -730    977   1101   2640   -910  -3109  -2993  -8584 -10393  -6826  -8787  -8355  -8531  -5150  -7376  -5551  -8972  -5825  -4731 
 -8067  -8869  -8356  -6824  -8805  -7744  -9880  -6920  -5408 -10025  -6203   1087  -4215  -3875   1209   1497   4202  -1176  -1427  -1353  -4613  -2531   4769      0   9022  12235  10535  11565   8104   7742   5341   5477   6685   9083   4688   -105    448  -2793  -5283  -2127  -6763  -9716  -9756  -5139  -6979 -10172  -6782  -7295 -10107 
 -9526  -8627  -8113  -9986  -8038  -7640  -9739  -6692 -10109  -9948  -7095   -324  -3356  -4245   2503   3180   6133   2074   2584   1574  -2870  -1452   5874   9022      0   8619   8920   8572   6860   5548   3254   8142   6592   5387   3101   4136   6291  -4411  -3053  -3205  -5621  -8257  -8224  -2583  -5106 -10314  -5984  -5453 -10237 
 -9347  -9530  -8716  -7111  -7131  -9403  -9933  -8214  -8629  -9447  -8587   2691  -1598  -4413   2626   3767   7337   1503   1408   2075  -5228  -3228   4744  12235   8619      0  12542  13975   8936   6868   5754   8121   7454   5913   5250    306    133   -375  -4262    186  -3658  -9680  -8820  -6983  -6724  -8559  -6394  -7349  -8221 
-10033  -8802 -10395  -8396 -10247  -9233  -9715  -6550  -9498  -9166  -8781   2328  -3298  -3967   2889   4422  10727   4534   2908   4038  -4738  -3146   5839  10535   8920  12542      0  20147  11676   9944   7325   9831  10981   8916   9521   1021    655  -1857  -4185    212  -3421 -10694  -9516  -6534  -6612  -8905  -7758  -6564  -8863 
 -9037  -9003  -9498  -7599  -9140  -7087  -9044  -6212  -8389  -8814  -7815   3749  -2713  -4512   5039   4459   8209   3506   2161   3213  -4499  -2502   5820  11565   8572  13975  20147      0  10223  11600  10378  10277  12739   9070  10447   2376   1361    314  -3096   3255    533 -10350 -10957  -4709  -5198  -7624  -7384  -5238  -7192 
 -7596  -8392  -7911  -6477  -9644  -7760 -10119  -6189  -9241  -8894  -8252   3002  -4466  -4947   3268   4748   7850   2852   3066   1842  -2204   1056   3030   8104   6860   8936  11676  10223      0  12746   6310   5727   7205   5928   5676   1435   2481  -1943  -2792  -1638  -1862  -8119  -8603  -5783  -7390  -9657  -5466  -6999  -8403 
 -7262 -10713  -8603  -7435  -9856 -10150 -10008  -8138  -8336  -8834 -10268  -1931  -4853  -3958   2978   3020   5352   -578   -575  -1016  -1251   1251   2221   7742   5548   6868   9944  11600  12746      0   9471   6737   7622   7282   8705   3026   3680  -4536  -4215  -5193  -1689  -7826  -7602  -6919  -7289  -8445  -8068  -7439  -8013 
 -8800  -9859 -10134  -7150  -6288  -7971  -7040  -6177 -10884  -8158  -9188    605  -1039    126   1371    377   5694   1891    424    710  -1854   1527   -730   5341   3254   5754   7325  10378   6310   9471      0   6523   9158   5409  18905   1077    533   1943  -1591  -2244  -2611  -9878 -11514  -7798  -8003  -9153  -6551  -8382  -7957 
 -9813  -9388 -11175  -7778  -8021  -8225  -7301  -6768  -9269  -6746  -7182   3093   -893  -3276   5504   5456   6664   2908   3026   3342  -5086   -955    977   5477   8142   8121   9831  10277   5727   6737   6523      0  16884   7461   5769    510   1654   -493   -503  -1179  -1708  -9306  -9550  -8409  -7252 -10466  -6392  -7636  -9513 
 -9475  -9062 -10195  -9256  -8598  -6600  -7507  -5469  -9011  -7479  -7050   2757  -1963  -2320   3398   4321  10484   3060   1584   1300  -4455  -1156   1101   6685   6592   7454  10981  12739   7205   7622   9158  16884      0  12732   9497   1191    977    691   -779    120  -1190  -8897 -10552  -6905  -6991  -9584  -6051  -7453  -9540 
-10815  -9823 -10024 -11380  -9987  -8194  -8039  -5888 -11829  -9173  -6671   1032  -2756  -3990    570   2011   6223    -13    693    458  -3893  -1704   2640   9083   5387   5913   8916   9070   5928   7282   5409   7461  12732      0   6982   2541   -128  -1110  -1634   -748  -3360  -8796  -9840  -5832  -6525  -8698  -7788  -6356  -8858 
 -8416  -9677  -8893  -6616  -7770  -8262  -7108  -6870 -10740  -8226  -8340    732    -34  -1098   -140   -714   6182   -331  -1764  -1079  -1832   -117   -910   4688   3101   5250   9521  10447   5676   8705  18905   5769   9497   6982      0  -1144  -1457   1490  -1942  -2854  -2465  -9660 -10581  -8577  -7771 -10106  -7124  -8345 -10106 
 -6493 -10570  -8144  -6374  -8158 -10030  -9534  -7771 -10397  -8563  -9368   -538  -3506  -6275   -684   -209   2983   3031   4229   2659   -655   1999  -3109   -105   4136    306   1021   2376   1435   3026   1077    510   1191   2541  -1144      0  19139   2390  -1124  -2803  -4004  -8957  -8440  -7104  -8103  -9646  -6403  -7862  -9152 
 -6719  -9205  -8341  -6863  -8385  -9384 -10504  -9140 -10165  -9132  -8704  -1907  -5218  -3548   -428    662   1702   2361   2544   2223    261   2768  -2993    448   6291    133    655   1361   2481   3680    533   1654    977   -128  -1457  19139      0  -2769  -3374  -3091  -5384  -8546  -8902  -8770  -7869 -10539  -6130  -9638 -10468 
 -7386  -8189  -8265  -5085  -7009  -7776 -10212  -8516 -10069 -10146  -7726    206   1715   1495     16  -1904   1936  -2123  -2799  -2657  -4009   1896  -8584  -2793  -4411   -375  -1857    314  -1943  -4536   1943   -493    691  -1110   1490   2390  -2769      0  12731  -2204  -6708  -7613  -9722  -5425  -2933  -7393  -4216  -3896  -5930 
 -7377  -8213  -6983  -6452  -6689  -6395  -7851  -8400 -10499  -7768  -6485  -2632   1022   1986    311  -3508    628  -3090  -3306  -3978  -5220   1686 -10393  -5283  -3053  -4262  -4185  -3096  -2792  -4215  -1591   -503   -779  -1634  -1942  -1124  -3374  12731      0  -1838  -4303  -9035  -9439  -5950  -5680  -8708  -5089  -6904  -6037 
 -8549  -8770  -9519  -7131  -6225  -9126 -10890  -9814  -8649 -10669  -9106   1154  -5607  -4187  -2289  -3097    759  -1382   -774   -836  -3807  -3341  -6826  -2127  -3205    186    212   3255  -1638  -5193  -2244  -1179    120   -748  -2854  -2803  -3091  -2204  -1838      0    340  -8912 -11149  -6881  -6314  -9228  -6917  -7855  -9433 
 -9372  -9402 -10507  -9308  -9229  -7239  -9809  -7740 -10519 -10556  -9249  -3382  -4500  -6021  -4044  -4652  -2540  -2611  -3034  -3346  -5387  -4357  -8787  -6763  -5621  -3658  -3421    533  -1862  -1689  -2611  -1708  -1190  -3360  -2465  -4004  -5384  -6708  -4303    340      0  -6774  -9793 -10161  -9620 -12078  -8646  -8994  -9459 
 -9562 -10426  -5305  -8484  -7529  -9247  -9476  -9220  -8829  -8916  -9130 -11459 -11399  -8105  -8464  -8405  -8971  -9201 -10647 -10241  -9043  -8684  -8355  -9716  -8257  -9680 -10694 -10350  -8119  -7826  -9878  -9306  -8897  -8796  -9660  -8957  -8546  -7613  -9035  -8912  -6774      0  -5140  -8757  -7852  -5943  -7139  -9122  -6281 
 -9648  -7809  -6329  -6475 -10107  -9735  -5427  -4815  -8947  -6133 -11534 -11487 -11679  -9752  -8624  -9311  -7173 -10582  -8721  -9479  -8213  -8069  -8531  -9756  -8224  -8820  -9516 -10957  -8603  -7602 -11514  -9550 -10552  -9840 -10581  -8440  -8902  -9722  -9439 -11149  -9793  -5140      0 -12630 -13543 -11921 -11315 -13604 -11243 
 -5786  -8795  -5618  -6916  -7302  -7252  -5455  -5889  -9759  -5584  -6939  -8549  -6114  -9983  -6039  -8594  -4528  -8357  -9062  -9609  -9726  -9782  -5150  -5139  -2583  -6983  -6534  -4709  -5783  -6919  -7798  -8409  -6905  -5832  -8577  -7104  -8770  -5425  -5950  -6881 -10161  -8757 -12630      0  17836   9516   3649  19931   8620 
 -6039  -7771  -6022  -6123  -6806  -8160  -5997  -6752 -10672  -6293  -7446  -7638  -7468  -8430  -5555  -6356  -6351  -5510  -6075  -6415  -8250  -8296  -7376  -6979  -5106  -6724  -6612  -5198  -7390  -7289  -8003  -7252  -6991  -6525  -7771  -8103  -7869  -2933  -5680  -6314  -9620  -7852 -13543  17836      0   8252   5737  21537   8647 
 -5421  -8313  -4827  -6164  -5825  -8360  -6338  -7357  -9515  -6467  -7101  -8657 -10188 -10276  -8327  -9844  -7261  -8997  -9106  -8975 -11188 -11634  -5551 -10172 -10314  -8559  -8905  -7624  -9657  -8445  -9153 -10466  -9584  -8698 -10106  -9646 -10539  -7393  -8708  -9228 -12078  -5943 -11921   9516   8252      0  -5340   9769  21119 
 -7814  -8458  -7996  -5907  -8057  -8880  -6837  -9034 -11841  -7109 -10277  -7824  -7285  -7030  -5557  -5792  -6221  -4904  -6167  -5987  -6242  -5790  -8972  -6782  -5984  -6394  -7758  -7384  -5466  -8068  -6551  -6392  -6051  -7788  -7124  -6403  -6130  -4216  -5089  -6917  -8646  -7139 -11315   3649   5737  -5340      0   4089  -5585 
 -5269  -8885  -6780  -6630  -7341  -7995  -6269  -6963 -10682  -6450  -7154  -7418  -6313  -8768  -6199  -7701  -7184  -6945  -7992  -7990  -9387  -9286  -5825  -7295  -5453  -7349  -6564  -5238  -6999  -7439  -8382  -7636  -7453  -6356  -8345  -7862  -9638  -3896  -6904  -7855  -8994  -9122 -13604  19931  21537   9769   4089      0  10150 
 -6013  -8699  -5375  -6078  -7088  -8281  -6348  -6101  -9885  -6529  -7316  -8219 -10620  -9549  -8024  -9197  -9126  -8307  -9153  -9284 -11487 -11463  -4731 -10107 -10237  -8221  -8863  -7192  -8403  -8013  -7957  -9513  -9540  -8858 -10106  -9152 -10468  -5930  -6037  -9433  -9459  -6281 -11243   8620   8647  21119  -5585  10150      0 
