     0  -1199  -3572  11239  -5312  -5686  -4258  -8682  -5677  -3870  -4568  -8570  -8493  -8043  -7508  -8698  -8721  -6770  -8043  -8198  -8283  -8382  -8419  -7725  -8197  -9051  -9173  -8530  -7320  -6748  -8605  -9364  -9425 -10218  -7730  -5034  -6169  -6484  -6671  -8595  -9472  -9474  -8636  -5643  -5896  -5287  -7514  -5126  -5642 
 -1199      0  -5505   -586  -5214  -5030  -3376  -6995  -6553  -3207  -4220  -7667  -9802  -9447 -10145  -9308  -8975  -6861  -9472  -7636  -9266  -9066  -9399  -8119  -8727  -9730  -8755  -8675  -8604 -10611 -10059  -9057  -8977  -9664  -9794 -10310  -9231  -7589  -8313  -7579  -9452  -9918  -7611  -7834  -7571  -7799  -8558  -8509  -8423 
 -3572  -5505      0  -5496  -2630  -7508     47  -4240  -8404    618  -8067  -9024  -8774  -8503  -7275  -7029  -6920  -7201  -7551  -7611  -6900  -7333  -7899  -8245  -7763  -7865  -9199  -8815  -7132  -8791  -9939 -10206 -10097 -10074  -8943  -7944  -7857  -7941  -7054  -9719 -10707  -4871  -6329  -5718  -5372  -4827  -7107  -6523  -5375 
 11239   -586  -5496      0  -6931  -6238  -6057  -6485  -6304  -5316  -4714  -7258  -9500  -8000  -6720  -9717  -6985  -5767  -6723  -5923  -5149  -6392  -8350  -6336  -9416  -7061  -8167  -7149  -6094  -7435  -7075  -7728  -9206 -10742  -6318  -5972  -6596  -4768  -6180  -7231  -8724  -7784  -6125  -6916  -6123  -6164  -5783  -6630  -6078 
 -5312  -5214  -2630  -6931      0  -5873  -3450  -6558  -7666  -4247  -5014  -7631  -8464  -7683  -8793  -8247  -6709  -6986  -6467  -6470  -7358 -10237  -8301  -7750  -7919  -7095  -9089  -8884  -9113  -9188  -6288  -6959  -7687  -8493  -6961  -7458  -7403  -6709  -6789  -5997  -9213  -7729  -9423  -6582  -6669  -5493  -7957  -7120  -6867 
 -5686  -5030  -7508  -6238  -5873      0  -6334  -2924  -5933  -6841  10929  -7052  -8740  -7279  -8998  -8940  -6305  -9157  -8696  -8887  -7471  -7627 -10043  -7944  -7698  -9347  -9033  -7187  -7925 -10090  -7671  -8008  -6461  -8294  -7662  -9330  -8977  -7097  -6251  -8759  -7301  -9315  -9601  -7188  -7475  -8360  -8880  -7287  -8028 
 -4258  -3376     47  -6057  -3450  -6334      0  -1347  -7048  21014  -4310 -10987  -8809  -7208  -9405 -10255  -8439  -9427  -9817  -8988  -7975 -10578  -8047  -9646  -8827  -8879  -9438  -8708  -9544  -9119  -6543  -7401  -6476  -8060  -6796  -9118  -8871 -10280  -7951 -10890  -9909  -8865  -5356  -5455  -5997  -6438  -6662  -6269  -6448 
 -8682  -6995  -4240  -6485  -6558  -2924  -1347      0  -6699  -1476  -2435  -8741  -8122  -9468  -8663  -6780  -4186  -7619  -8764  -7549  -6855  -7100  -6985  -7003  -6692  -8222  -6650  -6212  -5889  -8138  -6177  -6768  -5469  -5888  -6970  -7771  -9240  -8423  -8324  -9072  -7525  -8681  -4815  -5889  -6711  -6489  -9034  -6963  -5669 
 -5677  -6553  -8404  -6304  -7666  -5933  -7048  -6699      0  -6534  -4910 -11048  -8881 -10252  -9496  -9940 -10140 -10262 -11389 -10175  -9207  -8863  -7328  -4808  -9209  -7885  -8888  -7689  -8371  -8336 -10466  -9128  -8603 -11246 -10740  -9691  -9734  -9469  -8986  -8649 -10325  -8686  -8914  -9745 -10455  -9156 -10721 -10465  -9784 
 -3870  -3207    618  -5316  -4247  -6841  21014  -1476  -6534      0  -5134 -10453  -8453  -8534 -10010  -9562  -8303  -9508 -10136  -9760  -8728  -9990  -8154  -9790  -9677  -9046  -8750  -8646  -8319  -8828  -7661  -6846  -6989  -9194  -7739  -8663  -9131 -10127  -7868 -10769 -10437  -8880  -6062  -5584  -6293  -6567  -7309  -6550  -6729 
 -4568  -4220  -8067  -4714  -5014  10929  -4310  -2435  -4910  -5134      0  -8014  -8818  -9388  -8703  -8835  -6514  -9060  -9873  -9237  -7101  -9761  -6723  -6370  -7132  -8382  -8315  -7564  -8394  -9664  -8844  -6990  -6881  -6766  -7451  -8918  -8247  -6761  -6297  -9206  -8799  -9230 -10970  -5752  -7446  -6539 -10103  -6847  -6586 
 -8570  -7667  -9024  -7258  -7631  -7052 -10987  -8741 -11048 -10453  -8014      0   5009  -4347   3874   6479   3943   7799   6992   8057  -1038  -1961  -1269   1537    276   5765   2491   6187   2665  -1005   3736   5574   5189   1962   4008   1998  -1307   3340   1590   3278  -2005  -9412 -10627  -5778  -7738  -7900  -7786  -7317  -7573 
 -8493  -9802  -8774  -9500  -8464  -8740  -8809  -8122  -8881  -8453  -8818   5009      0  -3268   1210    871   2283   -504   -667    329  -3204    486  -5597  -2480  -2322   2004   -765   1959  -2311  -4231   2208   3511   2218      1   3104     31  -5084   3291   3523   -871    160  -9232  -9685  -5333  -7106  -9584  -6915  -6277  -9658 
 -8043  -9447  -8503  -8000  -7683  -7279  -7208  -9468 -10252  -8534  -9388  -4347  -3268      0  -1395  -2029  -1710  -4514  -4524  -4397  -2971  -2121  -5792  -2509  -2552  -2826  -2134  -2867  -3236  -2770    826  -2433   -814  -2372   -648  -4553  -2229   1295   1786  -2953  -4921  -8205  -9478  -9684  -8562 -10120  -6758  -8868  -9549 
 -7508 -10145  -7275  -6720  -8793  -8998  -9405  -8663  -9496 -10010  -8703   3874   1210  -1395      0   4990   7268   3012   2554   2222  -3469   -210  -4044   1109   2703   5265   2450   8255   3115   2878   4921   8354   6248   1090   3410   2316   -528   2076   4345   1258  -1216  -8434  -8661  -5812  -5365  -8350  -5357  -6299  -8124 
 -8698  -9308  -7029  -9717  -8247  -8940 -10255  -6780  -9940  -9562  -8835   6479    871  -2029   4990      0   3600   2763   3044   3024  -1847   -893    101   1307   3191   5280   4268   5484   4728   3020   2211   5985   4868   2011   1303   1395    673   1939  -1178  -2061  -1841  -8237  -9325  -5943  -6406  -9561  -5892  -7586  -8481 
 -8721  -8975  -6920  -6985  -6709  -6305  -8439  -4186 -10140  -8303  -6514   3943   2283  -1710   7268   3600      0   7273   6163   4002  -1298   2436   -499   4102   5933  11274  11592  12446   7675   5352  10930  10049  14914   7251  10990   8063   1602   3976   5996   4021   -412  -8989  -7273  -1622  -6530  -4323  -6221  -6946  -6473 
 -6770  -6861  -7201  -5767  -6986  -9157  -9427  -7619 -10262  -9508  -9060   7799   -504  -4514   3012   2763   7273      0  24147  24161  11052   1429  -3347   -676   2765   5396   3913   5287   2482      0   4548   6401   6698   1089   3381   7198   2601    769    333    848  -1903  -8633 -10125  -6411  -4260  -6399  -4687  -6310  -6764 
 -8043  -9472  -7551  -6723  -6467  -8696  -9817  -8764 -11389 -10136  -9873   6992   -667  -4524   2554   3044   6163  24147      0  22311  11576   1444  -3538   -927   3163   5436   2191   4724   2028    -57   3303   6511   4190   2447   1576   9149   3038   -117   -448   1354  -2156  -9757  -8021  -6804  -5718  -7684  -5569  -7732  -8121 
 -8198  -7636  -7611  -5923  -6470  -8887  -8988  -7549 -10175  -9760  -9237   8057    329  -4397   2222   3024   4002  24161  22311      0  10792   1445  -3523   -853   2024   5903   2900   5407    838   -516   3925   6827   4772   1444   1555   5835   2864    -56  -2026   1402  -2468  -8602  -9129  -7693  -5961  -8650  -5713  -8011  -8397 
 -8283  -9266  -6900  -5149  -7358  -7471  -7975  -6855  -9207  -8728  -7101  -1038  -3204  -2971  -3469  -1847  -1298  11052  11576  10792      0   4486  -7070  -2940  -1329  -3611  -2684  -1967   -654    199   -494  -3470  -2677  -2700  -1882    832   2098  -4059  -5120  -3907  -4885  -8557  -8329  -9726  -7691 -10659  -5858  -9076 -10791 
 -8382  -9066  -7333  -6392 -10237  -7627 -10578  -7100  -8863  -9990  -9761  -1961    486  -2121   -210   -893   2436   1429   1444   1445   4486      0  -7247   -881     98  -1720   -497   -483   2706   2651   2378    345    924   -304    254   2904   3350   1874   2063  -2664  -3196  -7715  -7769  -6906  -8268 -10973  -5590  -8725  -8873 
 -8419  -9399  -7899  -8350  -8301 -10043  -8047  -6985  -7328  -8154  -6723  -1269  -5597  -5792  -4044    101   -499  -3347  -3538  -3523  -7070  -7247      0   5758   7216   7861   5856   6317   3030   2921    207   1815   2416   3287    726  -2948  -2979  -7184  -9212  -5516  -7403  -8088  -8631  -4411  -7576  -5651  -8972  -6200  -4061 
 -7725  -8119  -8245  -6336  -7750  -7944  -9646  -7003  -4808  -9790  -6370   1537  -2480  -2509   1109   1307   4102   -676   -927   -853  -2940   -881   5758      0   9975  12035  10435  11465   7924   8742   6095   5377   6585   8883   5449    168    348  -1393  -3933  -1527  -5542  -9267  -9588  -4469  -7129  -8617  -6882  -6953  -9675 
 -8197  -8727  -7763  -9416  -7919  -7698  -8827  -6692  -9209  -9677  -7132    276  -2322  -2552   2703   3191   5933   2765   3163   2024  -1329     98   7216   9975      0   8851   8620   8272   6731   5860   4012   7842   6442   5191   3501   4076   6291  -3111  -2056  -2118  -4673  -8453  -8233  -2492  -5080  -9701  -5708  -4479  -9557 
 -9051  -9730  -7865  -7061  -7095  -9347  -8879  -8222  -7885  -9046  -8382   5765   2004  -2826   5265   5280  11274   5396   5436   5903  -3611  -1720   7861  12035   8851      0  12511  18106   9236   7168  10491  11306  11291   6317   9550   3391    -67   1656   -412   3051  -1569  -8173  -8620  -5014  -6774  -8417  -6494  -7335  -6923 
 -9173  -8755  -9199  -8167  -9089  -9033  -9438  -6650  -8888  -8750  -8315   2491   -765  -2134   2450   4268  11592   3913   2191   2900  -2684   -497   5856  10435   8620  12511      0  20147  13133   9944   8025   9831  11112   8916  10221   2585    567   -962  -2747    375  -2882 -10197  -9616  -5415  -6846  -8504  -7758  -6617  -7415 
 -8530  -8675  -8815  -7149  -8884  -7187  -8708  -6212  -7689  -8646  -7564   6187   1959  -2867   8255   5484  12446   5287   4724   5407  -1967   -483   6317  11465   8272  18106  20147      0  10206  11600  15415  13762  16400   9496  14947   6161   1261   2642   2292   7327   2912  -9315 -11178  -3237  -5353  -7641  -7075  -5338  -6771 
 -7320  -8604  -7132  -6094  -9113  -7925  -9544  -5889  -8371  -8319  -8394   2665  -2311  -3236   3115   4728   7675   2482   2028    838   -654   2706   3030   7924   6731   9236  13133  10206      0  13846   7842   5727   8049   5728   6528   1735   2856  -1011  -1401  -1385  -1692  -7842  -8603  -4411  -7390  -8927  -5485  -6999  -7861 
 -6748 -10611  -8791  -7435  -9188 -10090  -9119  -8138  -8336  -8828  -9664  -1005  -4231  -2770   2878   3020   5352      0    -57   -516    199   2651   2921   8742   5860   7168   9944  11600  13846      0  10171   6645   7922   8041   9405   3326   3580  -2903  -3854  -4587  -1239  -7878  -7602  -6869  -7415  -8377  -7521  -7439  -8013 
 -8605 -10059  -9939  -7075  -6288  -7671  -6543  -6177 -10466  -7661  -8844   3736   2208    826   4921   2211  10930   4548   3303   3925   -494   2378    207   6095   4012  10491   8025  15415   7842  10171      0  10708  13785   6848  23071   5330   1071   2817   1837   3119    271  -9123 -11229  -6638  -7540  -7603  -6551  -7774  -7212 
 -9364  -9057 -10206  -7728  -6959  -8008  -7401  -6768  -9128  -6846  -6990   5574   3511  -2433   8354   5985  10049   6401   6511   6827  -3470    345   1815   5377   7842  11306   9831  13762   5727   6645  10708      0  20030   8379   9954   4404   1554   1557   3773   2773    581  -9362  -9356  -6704  -7136  -9707  -6571  -7514  -9391 
 -9425  -8977 -10097  -9206  -7687  -6461  -6476  -5469  -8603  -6989  -6881   5189   2218   -814   6248   4868  14914   6698   4190   4772  -2677    924   2416   6585   6442  11291  11112  16400   8049   7922  13785  20030      0  13329  14124   4715    777   3079   4199   3391    999  -8980 -10418  -3942  -7077  -7328  -6049  -7345  -9028 
-10218  -9664 -10074 -10742  -8493  -8294  -8060  -5888 -11246  -9194  -6766   1962      1  -2372   1090   2011   7251   1089   2447   1444  -2700   -304   3287   8883   5191   6317   8916   9496   5728   8041   6848   8379  13329      0   8561   3655   -228   -471    542    928  -1258  -8707  -9840  -4163  -6725  -8030  -7788  -6356  -7315 
 -7730  -9794  -8943  -6318  -6961  -7662  -6796  -6970 -10740  -7739  -7451   4008   3104   -648   3410   1303  10990   3381   1576   1555  -1882    254    726   5449   3501   9550  10221  14947   6528   9405  23071   9954  14124   8561      0   3056  -1172   2397    432   1814   -441  -8881 -10123  -6373  -7021  -8870  -7208  -7448  -8406 
 -5034 -10310  -7944  -5972  -7458  -9330  -9118  -7771  -9691  -8663  -8918   1998     31  -4553   2316   1395   8063   7198   9149   5835    832   2904  -2948    168   4076   3391   2585   6161   1735   3326   5330   4404   4715   3655   3056      0  18939   2407   1473    808  -1415  -7564  -8380  -6310  -7653  -6616  -6233  -7412  -7948 
 -6169  -9231  -7857  -6596  -7403  -8977  -8871  -9240  -9734  -9131  -8247  -1307  -5084  -2229   -528    673   1602   2601   3038   2864   2098   3350  -2979    348   6291    -67    567   1261   2856   3580   1071   1554    777   -228  -1172  18939      0  -1604  -2039  -2558  -4020  -7910  -8942  -7925  -7269  -8679  -6060  -9001  -7044 
 -6484  -7589  -7941  -4768  -6709  -7097 -10280  -8423  -9469 -10127  -6761   3340   3291   1295   2076   1939   3976    769   -117    -56  -4059   1874  -7184  -1393  -3111   1656   -962   2642  -1011  -2903   2817   1557   3079   -471   2397   2407  -1604      0  12831   1162  -2763  -7395  -8845  -5073  -3033  -7304  -4316  -3996  -6116 
 -6671  -8313  -7054  -6180  -6789  -6251  -7951  -8324  -8986  -7868  -6297   1590   3523   1786   4345  -1178   5996    333   -448  -2026  -5120   2063  -9212  -3933  -2056   -412  -2747   2292  -1401  -3854   1837   3773   4199    542    432   1473  -2039  12831      0   4787   -418  -7765  -8352  -4089  -5548  -7068  -4466  -6554  -6473 
 -8595  -7579  -9719  -7231  -5997  -8759 -10890  -9072  -8649 -10769  -9206   3278   -871  -2953   1258  -2061   4021    848   1354   1402  -3907  -2664  -5516  -1527  -2118   3051    375   7327  -1385  -4587   3119   2773   3391    928   1814    808  -2558   1162   4787      0   2099  -8320  -9332  -5069  -6083  -9428  -6544  -7672  -8471 
 -9472  -9452 -10707  -8724  -9213  -7301  -9909  -7525 -10325 -10437  -8799  -2005    160  -4921  -1216  -1841   -412  -1903  -2156  -2468  -4885  -3196  -7403  -5542  -4673  -1569  -2882   2912  -1692  -1239    271    581    999  -1258   -441  -1415  -4020  -2763   -418   2099      0  -5488  -9343  -6264  -9211 -11596  -6198  -7639  -8072 
 -9474  -9918  -4871  -7784  -7729  -9315  -8865  -8681  -8686  -8880  -9230  -9412  -9232  -8205  -8434  -8237  -8989  -8633  -9757  -8602  -8557  -7715  -8088  -9267  -8453  -8173 -10197  -9315  -7842  -7878  -9123  -9362  -8980  -8707  -8881  -7564  -7910  -7395  -7765  -8320  -5488      0  -5141  -8310  -7852  -5532  -7139  -9188  -6020 
 -8636  -7611  -6329  -6125  -9423  -9601  -5356  -4815  -8914  -6062 -10970 -10627  -9685  -9478  -8661  -9325  -7273 -10125  -8021  -9129  -8329  -7769  -8631  -9588  -8233  -8620  -9616 -11178  -8603  -7602 -11229  -9356 -10418  -9840 -10123  -8380  -8942  -8845  -8352  -9332  -9343  -5141      0 -11703 -12118 -10507 -10335 -12360 -11162 
 -5643  -7834  -5718  -6916  -6582  -7188  -5455  -5889  -9745  -5584  -5752  -5778  -5333  -9684  -5812  -5943  -1622  -6411  -6804  -7693  -9726  -6906  -4411  -4469  -2492  -5014  -5415  -3237  -4411  -6869  -6638  -6704  -3942  -4163  -6373  -6310  -7925  -5073  -4089  -5069  -6264  -8310 -11703      0  17736  12669   6238  19931  11372 
 -5896  -7571  -5372  -6123  -6669  -7475  -5997  -6711 -10455  -6293  -7446  -7738  -7106  -8562  -5365  -6406  -6530  -4260  -5718  -5961  -7691  -8268  -7576  -7129  -5080  -6774  -6846  -5353  -7390  -7415  -7540  -7136  -7077  -6725  -7021  -7653  -7269  -3033  -5548  -6083  -9211  -7852 -12118  17736      0  12466   9036  21437  12810 
 -5287  -7799  -4827  -6164  -5493  -8360  -6438  -6489  -9156  -6567  -6539  -7900  -9584 -10120  -8350  -9561  -4323  -6399  -7684  -8650 -10659 -10973  -5651  -8617  -9701  -8417  -8504  -7641  -8927  -8377  -7603  -9707  -7328  -8030  -8870  -6616  -8679  -7304  -7068  -9428 -11596  -5532 -10507  12669  12466      0   -435  13967  21119 
 -7514  -8558  -7107  -5783  -7957  -8880  -6662  -9034 -10721  -7309 -10103  -7786  -6915  -6758  -5357  -5892  -6221  -4687  -5569  -5713  -5858  -5590  -8972  -6882  -5708  -6494  -7758  -7075  -5485  -7521  -6551  -6571  -6049  -7788  -7208  -6233  -6060  -4316  -4466  -6544  -6198  -7139 -10335   6238   9036   -435      0   6978    -82 
 -5126  -8509  -6523  -6630  -7120  -7287  -6269  -6963 -10465  -6550  -6847  -7317  -6277  -8868  -6299  -7586  -6946  -6310  -7732  -8011  -9076  -8725  -6200  -6953  -4479  -7335  -6617  -5338  -6999  -7439  -7774  -7514  -7345  -6356  -7448  -7412  -9001  -3996  -6554  -7672  -7639  -9188 -12360  19931  21437  13967   6978      0  14021 
 -5642  -8423  -5375  -6078  -6867  -8028  -6448  -5669  -9784  -6729  -6586  -7573  -9658  -9549  -8124  -8481  -6473  -6764  -8121  -8397 -10791  -8873  -4061  -9675  -9557  -6923  -7415  -6771  -7861  -8013  -7212  -9391  -9028  -7315  -8406  -7948  -7044  -6116  -6473  -8471  -8072  -6020 -11162  11372  12810  21119    -82  14021      0 
