     0   1104  -5928  13915  -5666  -8332  -5804  -8366  -7490  -6664  -5407 -10096  -9548 -10569 -10057 -10987 -10561  -9463 -10587 -10275 -10020  -9856 -10917 -10296 -11572 -10076  -9972  -8875  -9696  -9444  -9359 -10399 -12035 -11331 -11068  -9475  -6910  -8501  -8307  -9619 -10628  -9982 -11163 -10466 -10983 -10046  -9553 -10093  -9999 -10093  -9987 
  1104      0  -5902    775  -4481  -7063  -2095  -6960 -10190  -3898  -6035  -9860 -11963 -11964 -12352 -10555 -10297 -10344 -10773  -9315 -11622 -11898 -12470 -10966 -11508 -11742 -10062 -10707  -9015 -11117  -8907 -10814 -12309 -10688 -10827 -11411 -11200 -10698 -10389 -12036 -11423 -10703  -6722 -10207  -8032  -9502  -9630  -9738 -11950 -10996 -10976 
 -5928  -5902      0  -5525  -5301 -10316   3265  -1426 -11452   3377  -9975 -11561 -11011 -10154  -9484  -9712  -9525  -9542 -10191 -10290 -10994  -9358 -11075  -8166  -9997  -8059  -9693 -10119  -9594 -10870 -10803 -10459 -11000 -11653  -9329  -8662  -8569  -8809 -10366 -10003 -11599  -8612 -12450  -7497  -8692  -7780  -7284  -8746  -9528  -8685  -8543 
 13915    775  -5525      0  -8141  -8433  -5477  -8349  -8115  -5890  -7602 -11026  -9961 -10114  -8692 -11195 -10181  -9854 -11159 -10605 -10189 -10287 -10965  -9281 -11200  -8748 -10394 -10027  -9543 -11444  -8547 -10558  -9171 -12369 -11561  -8205 -11022 -10181  -6580  -8464  -9482  -8985  -8761  -9778  -8529 -10671 -11601 -10262 -10878 -10493 -10887 
 -5666  -4481  -5301  -8141      0  -9068  -4531  -5629  -9784  -6123  -6396  -7633  -8202 -10123  -9947  -8041  -8755 -10605  -8870  -8700 -11072 -11239  -9147  -8315 -10153  -8162 -10532 -10400 -10543  -8989  -8365  -9033 -10061  -9156  -8571  -9907  -9521 -11091  -8020  -9509  -7550 -10522  -9626 -11123 -12761 -10176 -10749  -9906 -11131 -11064 -10727 
 -8332  -7063 -10316  -8433  -9068      0  -7132  -6114  -8331  -8136  11116  -8474 -11276  -7086 -10667  -9801  -6318  -9066  -7816  -8491  -7139 -10320 -10471  -9583  -7574 -10397  -8564  -8302 -10801 -10322  -9214  -8161 -10841  -8665  -9734  -9361 -10673  -9681  -7298  -8087  -8577 -10249  -8346  -9630 -10220  -9869  -9291  -8560 -11084 -10767 -10744 
 -5804  -2095   3265  -5477  -4531  -7132      0   2032  -7786  26000  -7057 -10889  -8028  -8395 -10067 -10404 -10225 -10523 -10049 -11194 -10682 -11486 -10609 -10059 -10724  -8480 -11581 -12022 -11147 -10349  -9477  -9486  -7664  -9321  -9625  -9336 -10510  -9845  -9436  -8982 -12924  -8361  -5201 -10280  -6921  -9174  -9369  -9988  -9343  -9474  -9311 
 -8366  -6960  -1426  -8349  -5629  -6114   2032      0  -5856   2720  -2413 -11315 -11868 -10646 -11453  -7046  -8913 -11478 -11964  -9094 -10778 -10596  -9749  -8363  -9924  -8971  -9829 -10859 -10503 -10916 -10849  -9017 -10800  -8140  -8632 -11085 -10157 -12048 -11650 -10925 -10546  -8450  -7951  -8861  -7484  -9837 -10600 -10676 -13817  -9930 -10276 
 -7490 -10190 -11452  -8115  -9784  -8331  -7786  -5856      0  -7719  -5234 -10619 -11343  -9298 -10016 -11891 -10894 -10867 -13325  -9490 -10289 -12053  -8922  -6838 -10738  -9401 -10756 -10292 -11219  -9688 -11231 -11365 -11848 -10062 -10732 -11484 -11395 -11878 -11391 -11963 -10652 -10572 -10445 -11358  -8930 -13161 -13800 -13952 -12793 -14141 -14245 
 -6664  -3898   3377  -5890  -6123  -8136  26000   2720  -7719      0  -7486 -11915  -8894  -9996 -13665  -9786  -9732 -11360 -10982 -12279 -11496 -11625 -10582 -10012 -11429 -11188 -10648 -11137  -9084 -10484 -10440  -9180  -8539  -9639 -10816 -10874 -10299  -9815 -10782  -8913 -12877  -7217 -10126 -11153  -7457 -10487 -11159 -11086 -10575 -10816 -10363 
 -5407  -6035  -9975  -7602  -6396  11116  -7057  -2413  -5234  -7486      0 -10041 -11923 -10526 -10531  -8005  -7768 -10284 -11284 -10063  -9141 -11722  -7215  -8588 -10435  -9660 -10126 -10135 -11060 -10992  -9507  -9907  -9288  -8202  -9333  -7900 -11123 -10061 -10676  -9203 -10346 -10784 -10642  -9352 -11945  -9572 -10232  -9248 -12812 -11249 -10504 
-10096  -9860 -11561 -11026  -7633  -8474 -10889 -11315 -10619 -11915 -10041      0   5878  -2110    590   2195   -222   4690   3263   4638   1131   -248   4441   2367   2700   2232   3482   2184   3603    382   -887   2836  -6012   2311   1826    225   1918   3059    604   -860    971  -9514  -5751 -12102 -11619  -8077  -8753  -8779  -8167  -9061  -9045 
 -9548 -11963 -11011  -9961  -8202 -11276  -8028 -11868 -11343  -8894 -11923   5878      0  -1025  -1334  -1400  -2597  -4606  -5062  -4165  -3155  -2353   2133   -691    888   -387     48   -709  -1857  -4991  -2614    356  -8513    586    614    396  -3198  -2763   2939   2386  -3483  -8985  -5322 -11379  -7225  -8964  -8325  -7981  -8174  -8475  -9734 
-10569 -11964 -10154 -10114 -10123  -7086  -8395 -10646  -9298  -9996 -10526  -2110  -1025      0     76  -1671    830  -4045  -4832  -1271  -4307  -1469   2219  -2412    282  -2806   -404   -986  -4100  -6752   -465   -341  -5419    458    300    203  -2173   -619   6062   5089   1708 -10786  -5228  -6755  -7046  -6279  -6306  -5947  -5549  -5538  -4895 
-10057 -12352  -9484  -8692  -9947 -10667 -10067 -11453 -10016 -13665 -10531    590  -1334     76      0   4461   2950  -2525  -3784  -3473  -5557   -864    618   3498    924   2102   1486   1611     17    482  -1459   2906  -5262   -792    686  -2243  -2525  -1727  -1881  -1824  -2759  -9261  -2181  -8991 -11788  -8202  -8748  -8994  -8427  -7793  -7426 
-10987 -10555  -9712 -11195  -8041  -9801 -10404  -7046 -11891  -9786  -8005   2195  -1400  -1671   4461      0    618  -1405  -2220     25  -3003  -1610   3586   3095   2046   3137   1826   1041    150  -1076   -666   2879  -4723   1054   1981  -1175  -1282    882  -3078  -3310  -5022  -9557  -5321 -10690 -10792  -7062  -8505  -8119  -8228  -7832  -7624 
-10561 -10297  -9525 -10181  -8755  -6318 -10225  -8913 -10894  -9732  -7768   -222  -2597    830   2950    618      0   1724   1279   3006    467   5213   6776   4664  10737   7305  11541   9782   6890   4158   6933   8311  -1198   9690   9480   7943   3485   5332   2091   1005    287  -9537  -5254  -6025  -5816   -971  -2812  -2010  -3511  -2693  -4267 
 -9463 -10344  -9542  -9854 -10605  -9066 -10523 -11478 -10867 -11360 -10284   4690  -4606  -4045  -2525  -1405   1724      0  24646  27928  18149   3792   3890  -1425   4290  -1460   2518   1913  -1124   2380    920   4807  -6419   3866    659   1600   4440   5568  -2453  -4636  -3206  -9445  -8505  -8807  -8868  -5215  -6357  -6663  -7209  -6146  -5396 
-10587 -10773 -10191 -11159  -8870  -7816 -10049 -11964 -13325 -10982 -11284   3263  -5062  -4832  -3784  -2220   1279  24646      0  24717  18472   2597   3067  -1534   3861  -1387   1500   1700    225   2174     85   4219  -7758    746   1343  -2063   4860   4839  -3605  -5490  -2705  -8869  -7566 -11461  -8641  -7185  -7272  -7173  -8581  -7950  -7254 
-10275  -9315 -10290 -10605  -8700  -8491 -11194  -9094  -9490 -12279 -10063   4638  -4165  -1271  -3473     25   3006  27928  24717      0  19007   4047   3240  -2022   3289    108   1705   1423  -1933   1679   -388   4656  -6607   3187   2514     83   3662   5160  -4676  -4062  -3558  -8772  -8787  -9649  -9670  -6324  -6440  -7647  -7314  -7482  -6366 
-10020 -11622 -10994 -10189 -11072  -7139 -10682 -10778 -10289 -11496  -9141   1131  -3155  -4307  -5557  -3003    467  18149  18472  19007      0   5394  -1081  -4024    503  -2845  -1192  -1004  -3064   2159   -607    699  -6210    930  -1407   -897   2426   3575  -4285  -5420  -2218  -9335  -8009  -9702  -7965  -5613  -6270  -6486  -5133  -7807  -6357 
 -9856 -11898  -9358 -10287 -11239 -10320 -11486 -10596 -12053 -11625 -11722   -248  -2353  -1469   -864  -1610   5213   3792   2597   4047   5394      0   2197    256   2511   -468   3748   4233    742   1082   2049   5963  -7811   3704   2374   3217   6809   7175   2913   3030   2314  -9333  -4871  -4240  -6026  -4830  -4624  -4071  -3117  -6563  -6612 
-10917 -12470 -11075 -10965  -9147 -10471 -10609  -9749  -8922 -10582  -7215   4441   2133   2219    618   3586   6776   3890   3067   3240  -1081   2197      0  17215  15867  18229  15125  14186   9173   8510   6036  10645  -2011  10627  13165   9443   4726   5070   1241  -2743    308  -7708  -5831  -9233  -7435  -4958  -5018  -5567  -5930  -5269  -4198 
-10296 -10966  -8166  -9281  -8315  -9583 -10059  -8363  -6838 -10012  -8588   2367   -691  -2412   3498   3095   4664  -1425  -1534  -2022  -4024    256  17215      0  12790  19128  12645  12408   6299   7649   8366   8161     43   8703  12653   7216   2057   1579   1987  -1576   1153 -10566  -5741 -10233  -8942  -7448  -8261  -8669  -9603  -9015  -8585 
-11572 -11508  -9997 -11200 -10153  -7574 -10724  -9924 -10738 -11429 -10435   2700    888    282    924   2046  10737   4290   3861   3289    503   2511  15867  12790      0  12114  14927  13739   7853   8000   9252  13356  -1457  11657  13397  11720   6192   8023    593    206   2698  -8310  -6889  -6029  -4662  -3887  -5667  -5881  -7231  -7433  -6504 
-10076 -11742  -8059  -8748  -8162 -10397  -8480  -8971  -9401 -11188  -9660   2232   -387  -2806   2102   3137   7305  -1460  -1387    108  -2845   -468  18229  19128  12114      0  17506  16393   7472   6628   5670   9087  -3587   7832  11341   6129   -703    265   -904  -2640  -1553  -9313  -6405 -11691 -10022  -8461  -7247  -8151  -6689  -9139  -8517 
 -9972 -10062  -9693 -10394 -10532  -8564 -11581  -9829 -10756 -10648 -10126   3482     48   -404   1486   1826  11541   2518   1500   1705  -1192   3748  15125  12645  14927  17506      0  30863  12661  10186  10543  17068  -2140  14678  13597  14098   3108   2896    295  -4305    980 -10956  -7645  -9482  -9315  -5003  -6617  -6248  -7927  -7501  -6031 
 -8875 -10707 -10119 -10027 -10400  -8302 -12022 -10859 -10292 -11137 -10135   2184   -709   -986   1611   1041   9782   1913   1700   1423  -1004   4233  14186  12408  13739  16393  30863      0  11829  11492  12946  15789  -2053  17037  13974  15785   4025   3173   2044  -3453    859 -10280  -7711  -7979  -9372  -3099  -4560  -4002  -6214  -5586  -3651 
 -9696  -9015  -9594  -9543 -10543 -10801 -11147 -10503 -11219  -9084 -11060   3603  -1857  -4100     17    150   6890  -1124    225  -1933  -3064    742   9173   6299   7853   7472  12661  11829      0  15745   7579   8147   -635  10604   8061   9939   1450   2055  -2108  -2060  -3625  -9783  -5614  -9640  -9846  -6817  -8412  -8157  -8875  -8607  -8799 
 -9444 -11117 -10870 -11444  -8989 -10322 -10349 -10916  -9688 -10484 -10992    382  -4991  -6752    482  -1076   4158   2380   2174   1679   2159   1082   8510   7649   8000   6628  10186  11492  15745      0   9191   8048    -52   8656   7553   8440   3180   3552  -2320  -4556  -4386  -9814  -6029  -9521  -8382  -6432  -7571  -7581  -9531  -9916  -9681 
 -9359  -8907 -10803  -8547  -8365  -9214  -9477 -10849 -11231 -10440  -9507   -887  -2614   -465  -1459   -666   6933    920     85   -388   -607   2049   6036   8366   9252   5670  10543  12946   7579   9191      0   8508  10205  12592  10365  25534    285   1235   -110  -2873  -1798  -9988  -6023 -11881 -12736  -5991  -7310  -8063  -6401  -8757  -8414 
-10399 -10814 -10459 -10558  -9033  -8161  -9486  -9017 -11365  -9180  -9907   2836    356   -341   2906   2879   8311   4807   4219   4656    699   5963  10645   8161  13356   9087  17068  15789   8147   8048   8508      0  -1624  22259  13112  11005   3232   4775   1576   -601    479  -8631  -6875  -7420  -5841  -5270  -6106  -5601  -5779  -5904  -3894 
-12035 -12309 -11000  -9171 -10061 -10841  -7664 -10800 -11848  -8539  -9288  -6012  -8513  -5419  -5262  -4723  -1198  -6419  -7758  -6607  -6210  -7811  -2011     43  -1457  -3587  -2140  -2053   -635    -52  10205  -1624      0   -168  -2237   7776  -4045  -2528  -6781  -9131  -8032  -7424  -9222  -9464 -11901 -11119 -10536 -10791  -8811 -10436 -10166 
-11331 -10688 -11653 -12369  -9156  -8665  -9321  -8140 -10062  -9639  -8202   2311    586    458   -792   1054   9690   3866    746   3187    930   3704  10627   8703  11657   7832  14678  17037  10604   8656  12592  22259   -168      0  18257  15905   1440   2357   1349  -1422   -487  -9777  -5825  -9144  -9472  -6541  -7363  -6513  -7206  -7564  -7184 
-11068 -10827  -9329 -11561  -8571  -9734  -9625  -8632 -10732 -10816  -9333   1826    614    300    686   1981   9480    659   1343   2514  -1407   2374  13165  12653  13397  11341  13597  13974   8061   7553  10365  13112  -2237  18257      0  15361   -266   -291   -449  -2323   2244 -10035  -4496 -10646  -8648  -4888  -6474  -6738  -8269  -7247  -6977 
 -9475 -11411  -8662  -8205  -9907  -9361  -9336 -11085 -11484 -10874  -7900    225    396    203  -2243  -1175   7943   1600  -2063     83   -897   3217   9443   7216  11720   6129  14098  15785   9939   8440  25534  11005   7776  15905  15361      0   1291   1857    634  -2795  -1555  -9632  -5757  -8675  -9779  -6410  -6494  -7342  -7203  -6744  -7179 
 -6910 -11200  -8569 -11022  -9521 -10673 -10510 -10157 -11395 -10299 -11123   1918  -3198  -2173  -2525  -1282   3485   4440   4860   3662   2426   6809   4726   2057   6192   -703   3108   4025   1450   3180    285   3232  -4045   1440   -266   1291      0  29807   1202  -1835    727  -7742  -4532  -3951  -5941  -4657  -6369  -7205  -6278  -8006  -7001 
 -8501 -10698  -8809 -10181 -11091  -9681  -9845 -12048 -11878  -9815 -10061   3059  -2763   -619  -1727    882   5332   5568   4839   5160   3575   7175   5070   1579   8023    265   2896   3173   2055   3552   1235   4775  -2528   2357   -291   1857  29807      0   1892   -634   1162  -7069  -3503  -4026  -6591  -5150  -6907  -7196  -5821  -8646  -7246 
 -8307 -10389 -10366  -6580  -8020  -7298  -9436 -11650 -11391 -10782 -10676    604   2939   6062  -1881  -3078   2091  -2453  -3605  -4676  -4285   2913   1241   1987    593   -904    295   2044  -2108  -2320   -110   1576  -6781   1349   -449    634   1202   1892      0  20669   4017  -9955  -7077  -6272  -6992  -3337  -2746  -4088  -2763  -3611  -4353 
 -9619 -12036 -10003  -8464  -9509  -8087  -8982 -10925 -11963  -8913  -9203   -860   2386   5089  -1824  -3310   1005  -4636  -5490  -4062  -5420   3030  -2743  -1576    206  -2640  -4305  -3453  -2060  -4556  -2873   -601  -9131  -1422  -2323  -2795  -1835   -634  20669      0   2544 -10533  -4266  -6702  -8901  -3536  -3803  -4143  -4234  -4684  -4448 
-10628 -11423 -11599  -9482  -7550  -8577 -12924 -10546 -10652 -12877 -10346    971  -3483   1708  -2759  -5022    287  -3206  -2705  -3558  -2218   2314    308   1153   2698  -1553    980    859  -3625  -4386  -1798    479  -8032   -487   2244  -1555    727   1162   4017   2544      0 -11382  -2964  -6596  -6967  -5889  -4338  -4345  -6301  -6771  -6996 
 -9982 -10703  -8612  -8985 -10522 -10249  -8361  -8450 -10572  -7217 -10784  -9514  -8985 -10786  -9261  -9557  -9537  -9445  -8869  -8772  -9335  -9333  -7708 -10566  -8310  -9313 -10956 -10280  -9783  -9814  -9988  -8631  -7424  -9777 -10035  -9632  -7742  -7069  -9955 -10533 -11382      0   -235  -8412  -9156 -12061 -11037 -11136  -9191 -10706 -10553 
-11163  -6722 -12450  -8761  -9626  -8346  -5201  -7951 -10445 -10126 -10642  -5751  -5322  -5228  -2181  -5321  -5254  -8505  -7566  -8787  -8009  -4871  -5831  -5741  -6889  -6405  -7645  -7711  -5614  -6029  -6023  -6875  -9222  -5825  -4496  -5757  -4532  -3503  -7077  -4266  -2964   -235      0  -8027  -6803 -10349  -8622  -8628  -9740  -8807  -9009 
-10466 -10207  -7497  -9778 -11123  -9630 -10280  -8861 -11358 -11153  -9352 -12102 -11379  -6755  -8991 -10690  -6025  -8807 -11461  -9649  -9702  -4240  -9233 -10233  -6029 -11691  -9482  -7979  -9640  -9521 -11881  -7420  -9464  -9144 -10646  -8675  -3951  -4026  -6272  -6702  -6596  -8412  -8027      0   -138  -6529  -6553  -6747  -4837  -6655  -5921 
-10983  -8032  -8692  -8529 -12761 -10220  -6921  -7484  -8930  -7457 -11945 -11619  -7225  -7046 -11788 -10792  -5816  -8868  -8641  -9670  -7965  -6026  -7435  -8942  -4662 -10022  -9315  -9372  -9846  -8382 -12736  -5841 -11901  -9472  -8648  -9779  -5941  -6591  -6992  -8901  -6967  -9156  -6803   -138      0  -5980  -6863  -6396  -5089  -6313  -6367 
-10046  -9502  -7780 -10671 -10176  -9869  -9174  -9837 -13161 -10487  -9572  -8077  -8964  -6279  -8202  -7062   -971  -5215  -7185  -6324  -5613  -4830  -4958  -7448  -3887  -8461  -5003  -3099  -6817  -6432  -5991  -5270 -11119  -6541  -4888  -6410  -4657  -5150  -3337  -3536  -5889 -12061 -10349  -6529  -5980      0  27479  30815  13290  30260  28826 
 -9553  -9630  -7284 -11601 -10749  -9291  -9369 -10600 -13800 -11159 -10232  -8753  -8325  -6306  -8748  -8505  -2812  -6357  -7272  -6440  -6270  -4624  -5018  -8261  -5667  -7247  -6617  -4560  -8412  -7571  -7310  -6106 -10536  -7363  -6474  -6494  -6369  -6907  -2746  -3803  -4338 -11037  -8622  -6553  -6863  27479      0  29973  15576  30653  28286 
-10093  -9738  -8746 -10262  -9906  -8560  -9988 -10676 -13952 -11086  -9248  -8779  -7981  -5947  -8994  -8119  -2010  -6663  -7173  -7647  -6486  -4071  -5567  -8669  -5881  -8151  -6248  -4002  -8157  -7581  -8063  -5601 -10791  -6513  -6738  -7342  -7205  -7196  -4088  -4143  -4345 -11136  -8628  -6747  -6396  30815  29973      0  13176  30541  29107 
 -9999 -11950  -9528 -10878 -11131 -11084  -9343 -13817 -12793 -10575 -12812  -8167  -8174  -5549  -8427  -8228  -3511  -7209  -8581  -7314  -5133  -3117  -5930  -9603  -7231  -6689  -7927  -6214  -8875  -9531  -6401  -5779  -8811  -7206  -8269  -7203  -6278  -5821  -2763  -4234  -6301  -9191  -9740  -4837  -5089  13290  15576  13176      0  14562  15215 
-10093 -10996  -8685 -10493 -11064 -10767  -9474  -9930 -14141 -10816 -11249  -9061  -8475  -5538  -7793  -7832  -2693  -6146  -7950  -7482  -7807  -6563  -5269  -9015  -7433  -9139  -7501  -5586  -8607  -9916  -8757  -5904 -10436  -7564  -7247  -6744  -8006  -8646  -3611  -4684  -6771 -10706  -8807  -6655  -6313  30260  30653  30541  14562      0  33147 
 -9987 -10976  -8543 -10887 -10727 -10744  -9311 -10276 -14245 -10363 -10504  -9045  -9734  -4895  -7426  -7624  -4267  -5396  -7254  -6366  -6357  -6612  -4198  -8585  -6504  -8517  -6031  -3651  -8799  -9681  -8414  -3894 -10166  -7184  -6977  -7179  -7001  -7246  -4353  -4448  -6996 -10553  -9009  -5921  -6367  28826  28286  29107  15215  33147      0 
