     0  -1277  -3926  10539  -5815  -6862  -4258  -9596  -5477  -3870  -4568  -8370  -8298  -9419  -7508  -8654  -9071  -6470  -7893  -8049  -8083  -9172  -9486  -8067  -9526  -9347 -10033  -9037  -7596  -7262  -8800  -9813  -9475 -10815  -8416  -6493  -6719  -7386  -7377  -8549  -9372  -9562  -9648  -5786  -6039  -5421  -7814  -5269  -6013 
 -1277      0  -5864   -786  -5514  -5123  -3632  -6995  -7284  -3397  -4900  -7718  -9971 -10045 -10045  -9189  -9618  -6861  -9401  -7636  -9302  -9316  -9146  -8869  -8627  -9530  -8802  -9003  -8392 -10713  -9859  -9388  -9062  -9823  -9677 -10570  -9205  -8189  -8213  -8770  -9402 -10426  -7809  -8795  -7771  -8313  -8458  -8885  -8699 
 -3926  -5864      0  -6622  -3139  -7796   -113  -5077  -8769    363  -9114  -9092  -9016  -8707  -8425  -8380  -7420  -8074  -7751  -7854  -7435  -7874  -8231  -8356  -8113  -8716 -10395  -9498  -7911  -8603 -10134 -11175 -10195 -10024  -8893  -8144  -8341  -8265  -6983  -9519 -10507  -5305  -6329  -5618  -6022  -4827  -7996  -6780  -5375 
 10539   -786  -6622      0  -7643  -6703  -6500  -6288  -6754  -5759  -4739  -7158  -9506  -8714  -6718  -9877  -7486  -5667  -6746  -5973  -5149  -6976  -8400  -6824  -9986  -7111  -8396  -7599  -6477  -7435  -7150  -7778  -9256 -11380  -6616  -6374  -6863  -5085  -6452  -7131  -9308  -8484  -6475  -6916  -6123  -6164  -5907  -6630  -6078 
 -5815  -5514  -3139  -7643      0  -6173  -3750  -8212  -8507  -4547  -5425  -8441  -8791  -7764  -9793  -9398  -8284  -7529  -7067  -7669  -8358 -10526  -8696  -8805  -8038  -7131 -10247  -9140  -9644  -9856  -6288  -8021  -8598  -9987  -7770  -8158  -8385  -7009  -6689  -6225  -9229  -7529 -10107  -7302  -6806  -5825  -8057  -7341  -7088 
 -6862  -5123  -7796  -6703  -6173      0  -6480  -3143  -6222  -7087  10929  -7287  -8740  -7398  -9618  -8761  -6828  -9516  -8686  -8827  -7271  -8122  -9943  -7744  -7640  -9403  -9233  -7087  -7760 -10150  -7971  -8225  -6600  -8194  -8262 -10030  -9384  -7776  -6395  -9126  -8707  -9675  -9735  -7252  -8160  -8360  -8880  -7995  -8281 
 -4258  -3632   -113  -6500  -3750  -6480      0  -1797  -7606  21014  -4360 -11799  -8910  -6909 -10304 -10408  -8939  -9377  -9867  -9645  -7944 -11269  -8096  -9880  -9739  -9933  -9715  -9044 -10119  -9763  -6663  -7301  -7507  -8039  -7108  -9534 -10504 -10212  -7851 -10890  -9809  -9476  -5427  -5455  -5997  -6338  -6837  -6269  -6348 
 -9596  -6995  -5077  -6288  -8212  -3143  -1797      0  -7175  -1926  -3346  -9441  -8022  -9980  -8563  -6680  -4086  -7985  -9215  -7849  -6728  -7100  -7329  -6920  -6692  -8214  -6550  -6212  -6189  -8138  -6177  -6768  -5469  -5888  -6870  -7771  -9140  -8516  -8400  -9814  -7740  -9220  -4815  -5889  -6752  -7357  -9034  -6963  -6101 
 -5477  -7284  -8769  -6754  -8507  -6222  -7606  -7175      0  -6754  -5110 -11733 -10210 -11110  -9482  -9948 -10670 -10410 -11430 -10219  -9207  -8996  -7828  -5408 -10109  -8629  -9498  -8389  -9241  -8336 -10884  -9269  -9011 -11829 -10740 -10397 -10165 -10069 -10499  -8649 -10519  -8829  -8947  -9759 -10672  -9515 -11841 -10682  -9885 
 -3870  -3397    363  -5759  -4547  -7087  21014  -1926  -6754      0  -5184 -11043  -9096  -8506 -10210  -9799  -8803  -9458 -10186  -9710  -9212 -10104  -7954  -8873  -9948  -9447  -9166  -8814  -8894  -8834  -8158  -6746  -7479  -9173  -8226  -8563  -9132 -10146  -7768 -10669 -10556  -8916  -6133  -5584  -6293  -6030  -6627  -6450  -6529 
 -4568  -4900  -9114  -4739  -5425  10929  -4360  -3346  -5110  -5184      0  -8214  -8978  -9869  -9119  -8947  -7033  -8997 -10466  -9497  -7258  -9918  -6523  -6203  -7095  -8587  -8781  -7815  -8252 -10268  -9188  -7182  -7050  -6671  -8340  -9368  -8704  -7726  -6485  -9106  -9249  -9130 -11534  -6939  -7446  -7101 -10277  -7154  -7316 
 -8370  -7718  -9092  -7158  -8441  -7287 -11799  -9441 -11733 -11043  -8214      0  -3039  -4801   -591   1314    325   2969   1872   3909   -666  -2850  -2291   1087   -324   -155    643    707    320  -1931  -2349     51      5    840  -1894  -3580   -628   -713  -2632  -1240  -4647 -11459 -11487  -8549  -7638  -8657  -7824  -7418  -8219 
 -8298  -9971  -9016  -9506  -8791  -8740  -8910  -8022 -10210  -9096  -8978  -3039      0  -3187  -2479  -2542  -4509  -2837  -5030  -4434     33  -2984  -7832  -4215  -3356  -1598  -3298  -5228  -3096  -4853  -3869   -893  -1635  -3043    -34  -3506  -5350   2805   1022  -5548  -4385 -10775 -11679  -6114  -7468  -8003  -7285  -6436  -9479 
 -9419 -10045  -8707  -8714  -7764  -7398  -6909  -9980 -11110  -8506  -9869  -4801  -3187      0  -2695  -3850  -1676  -5826  -5541  -4671  -5223  -1977  -7462  -3875  -4245  -4413  -3967  -4315  -4947  -3632    573  -3276  -2320  -3990  -1098  -6275  -4569   1495   1986  -4187  -6021  -8105  -9752  -9391  -8430 -10276  -7030  -8768  -9549 
 -7508 -10045  -8425  -6718  -9793  -9618 -10304  -8563  -9482 -10210  -9119   -591  -2479  -2695      0   3268   2752  -1348   -216  -2138  -5019   -654  -3944   1209   2503   2626   2889   3570   4607   2978     32   5504   3528    570   -140   -684   -428   -697    311  -2289  -4044  -8464  -8624  -6039  -5555  -8327  -5557  -6199  -8024 
 -8654  -9189  -8380  -9877  -9398  -8761 -10408  -6680  -9948  -9799  -8947   1314  -2542  -3850   3268      0   2259  -1112   1960    550  -3577   -744  -1235   1497   3180   3767   4422   4459   4728   3020    377   5456   4321   2011   -714   -209    662  -3647  -3508  -3097  -4652  -8282  -9311  -8529  -6356  -9844  -5792  -7701  -9197 
 -9071  -9618  -7420  -7486  -8284  -6828  -8939  -4086 -10670  -8803  -7033    325  -4509  -1676   2752   2259      0   -646  -1264     94  -2506    177  -1242   4202   6133   5327   9359   6391   7675   5352   3742   5440   7525   6223   4394    -52   2098   -140  -1926  -2372  -4053  -8971  -7173  -6140  -6351  -8516  -6221  -7184  -8300 
 -6470  -6861  -8074  -5667  -7529  -9516  -9377  -7985 -10410  -9458  -8997   2969  -2837  -5826  -1348  -1112   -646      0  17020  19463   8852   -169  -4705  -1176   2074     31    910   1341    628   -578  -1129   1492    126   -998  -2438    811   2887  -1558  -1854  -3446  -4179  -9201 -10582  -8598  -2533  -8997  -4904  -6945  -7277 
 -7893  -9401  -7751  -6746  -7067  -8686  -9867  -9215 -11430 -10186 -10466   1872  -5030  -5541   -216   1960  -1264  17020      0  17613   9376   3702  -5304  -1427   2584   1408   4099    -77   2550   -575  -2414   3026   3392  -1021  -1764   3693   2544  -3175  -3306   -774  -3034 -10647  -8721  -9062  -6075  -5561  -6167  -7992  -9153 
 -8049  -7636  -7854  -5973  -7669  -8827  -9645  -7849 -10219  -9710  -9497   3909  -4434  -4671  -2138    550     94  19463  17613      0   9028   -103  -4657  -1353   1574    855   1144   1828   -976   -651  -1552   1926    174   1208  -3956   1243   2815  -3193  -3978  -2900  -4529 -10241  -9479  -9609  -6415  -8975  -5987  -7990  -9284 
 -8083  -9302  -7435  -5149  -8358  -7271  -7944  -6728  -9207  -9212  -7258   -666     33  -5223  -5019  -3577  -2506   8852   9376   9028      0   4686  -8720  -4613  -2870  -5228  -3265  -4340  -1656  -1251  -1854  -5019  -1189  -3288   -126   -655    853  -1674  -3518  -2402  -5387  -9043  -8213  -9726  -7043 -11188  -4280  -9387  -8491 
 -9172  -9316  -7874  -6976 -10526  -8122 -11269  -7100  -8996 -10104  -9918  -2850  -2984  -1977   -654   -744    177   -169   3702   -103   4686      0  -8685  -2531  -1452  -2150  -1726  -2659   2472   1251   -923    461    600  -1704  -2567   3348   1395   1660   1333  -1679  -2014  -8684  -8069  -9183  -8296  -7852  -5790  -9286 -11463 
 -9486  -9146  -8231  -8400  -8696  -9943  -8096  -7329  -7828  -7954  -6523  -2291  -7832  -7462  -3944  -1235  -1242  -4705  -5304  -4657  -8720  -8685      0   4970   5874   4744   5839   5820   3030   2221   -730    977   1101   2640   -910  -3109  -2993  -8584 -10268  -6826  -8692  -8355  -8531  -6180  -7376  -5551  -8972  -4554  -4731 
 -8067  -8869  -8356  -6824  -8805  -7744  -9880  -6920  -5408  -8873  -6203   1087  -4215  -3875   1209   1497   4202  -1176  -1427  -1353  -4613  -2531   4970      0   9022  12235  10535  11565   8104   7742   5341   5477   6685   9083   4688   -105    448  -2793  -5283  -2127  -6763  -9716  -9756  -6392  -6979 -10172  -6782  -5203 -10107 
 -9526  -8627  -8113  -9986  -8038  -7640  -9739  -6692 -10109  -9948  -7095   -324  -3356  -4245   2503   3180   6133   2074   2584   1574  -2870  -1452   5874   9022      0   8619   8920   8572   6860   5548   3254   8142   6592   5387   3101   4136   6291  -4411  -3053  -3205  -5621  -8257  -8224  -5274  -5106 -10314  -5984  -4795 -10237 
 -9347  -9530  -8716  -7111  -7131  -9403  -9933  -8214  -8629  -9447  -8587   -155  -1598  -4413   2626   3767   5327     31   1408    855  -5228  -2150   4744  12235   8619      0  12542  12199  10712   6868   3744   8121   7118   5913   5414    306    133  -2252  -4262    186  -4362  -9803  -8820  -6702  -6724  -8559  -6394  -7349  -8221 
-10033  -8802 -10395  -8396 -10247  -9233  -9715  -6550  -9498  -9166  -8781    643  -3298  -3967   2889   4422   9359    910   4099   1144  -3265  -1726   5839  10535   8920  12542      0  20147  10482   9944   7325   9831  10981   8916   9521   1021   1460  -2685  -4185    212  -3695 -10694  -9516  -6224  -6612  -6215  -7758  -6564  -8957 
 -9037  -9003  -9498  -7599  -9140  -7087  -9044  -6212  -8389  -8814  -7815    707  -5228  -4315   3570   4459   6391   1341    -77   1828  -4340  -2659   5820  11565   8572  12199  20147      0  10223  11794   8560   9053  10825  10415   8793   1152   1361  -2591  -3477  -2586  -4422 -10350 -10957  -4709  -5198  -7624  -7384  -5238  -4058 
 -7596  -8392  -7911  -6477  -9644  -7760 -10119  -6189  -9241  -8894  -8252    320  -3096  -4947   4607   4728   7675    628   2550   -976  -1656   2472   3030   8104   6860  10712  10482  10223      0  12746   6310   6951   8257   5928   7494   2659   2388  -1092  -1334   -259  -2041  -8119  -8603  -6567  -7390  -9657  -5485  -6999  -8403 
 -7262 -10713  -8603  -7435  -9856 -10150  -9763  -8138  -8336  -8834 -10268  -1931  -4853  -3632   2978   3020   5352   -578   -575   -651  -1251   1251   2221   7742   5548   6868   9944  11794  12746      0   9471   6737   7622   7282   8705   3026   3680  -4536  -4215  -5193  -1689  -7826  -7602  -6919  -7289  -8445  -8068  -7439  -8013 
 -8800  -9859 -10134  -7150  -6288  -7971  -6663  -6177 -10884  -8158  -9188  -2349  -3869    573     32    377   3742  -1129  -2414  -1552  -1854   -923   -730   5341   3254   3744   7325   8560   6310   9471      0   5299   7304   5043  17311   -147    913  -1927  -3724  -5439  -3477 -10554 -11514  -9046  -8003  -9153  -6551  -8382  -8732 
 -9813  -9388 -11175  -7778  -8021  -8225  -7301  -6768  -9269  -6746  -7182     51   -893  -3276   5504   5456   5440   1492   3026   1926  -5019    461    977   5477   8142   8121   9831   9053   6951   6737   5299      0  16884   7461   5769    510   1654    134    284    -27    493  -9306  -9550  -8409  -7252 -10466  -6392  -7636  -9513 
 -9475  -9062 -10195  -9256  -8598  -6600  -7507  -5469  -9011  -7479  -7050      5  -1635  -2320   3528   4321   7525    126   3392    174  -1189    600   1101   6685   6592   7118  10981  10825   8257   7622   7304  16884      0  12732   9127   1191    977   -840   -389   1050  -1060  -8897 -10552  -7383  -6991  -9356  -6051  -7453  -9540 
-10815  -9823 -10024 -11380  -9987  -8194  -8039  -5888 -11829  -9173  -6671    840  -3043  -3990    570   2011   6223   -998  -1021   1208  -3288  -1704   2640   9083   5387   5913   8916  10415   5928   7282   5043   7461  12732      0   6704    151   -128  -1181  -2652  -1659  -4074  -8796  -9840  -5832  -6525  -8698  -7788  -6356  -8261 
 -8416  -9677  -8893  -6616  -7770  -8262  -7108  -6870 -10740  -8226  -8340  -1894    -34  -1098   -140   -714   4394  -2438  -1764  -3956   -126  -2567   -910   4688   3101   5414   9521   8793   7494   8705  17311   5769   9127   6704      0  -1144  -1457   -218  -1423  -2411  -2465  -9041 -10581  -8812  -7771 -10106  -7124  -8345  -8870 
 -6493 -10570  -8144  -6374  -8158 -10030  -9534  -7771 -10397  -8563  -9368  -3580  -3506  -6275   -684   -209    -52    811   3693   1243   -655   3348  -3109   -105   4136    306   1021   1152   2659   3026   -147    510   1191    151  -1144      0  19139   1046  -1124  -2803  -4004  -8957  -8440  -7104  -8103  -6194  -6403  -7862  -9152 
 -6719  -9205  -8341  -6863  -8385  -9384 -10504  -9140 -10165  -9132  -8704   -628  -5350  -4569   -428    662   2098   2887   2544   2815    853   1395  -2993    448   6291    133   1460   1361   2388   3680    913   1654    977   -128  -1457  19139      0  -2904  -2521  -3091  -5384  -8546  -8902  -8770  -4722 -10539  -6130  -9638  -7209 
 -7386  -8189  -8265  -5085  -7009  -7776 -10212  -8516 -10069 -10146  -7726   -713   2805   1495   -697  -3647   -140  -1558  -3175  -3193  -1674   1660  -8584  -2793  -4411  -2252  -2685  -2591  -1092  -4536  -1927    134   -840  -1181   -218   1046  -2904      0  15747  -3346  -5941  -7613  -9722  -6030  -2933  -7393  -4216  -3896  -5484 
 -7377  -8213  -6983  -6452  -6689  -6395  -7851  -8400 -10499  -7768  -6485  -2632   1022   1986    311  -3508  -1926  -1854  -3306  -3978  -3518   1333 -10268  -5283  -3053  -4262  -4185  -3477  -1334  -4215  -3724    284   -389  -2652  -1423  -1124  -2521  15747      0  -1838  -4050  -9035  -9439  -6928  -5680  -8708  -5089  -6904  -6843 
 -8549  -8770  -9519  -7131  -6225  -9126 -10890  -9814  -8649 -10669  -9106  -1240  -5548  -4187  -2289  -3097  -2372  -3446   -774  -2900  -2402  -1679  -6826  -2127  -3205    186    212  -2586   -259  -5193  -5439    -27   1050  -1659  -2411  -2803  -3091  -3346  -1838      0  -1901  -8912 -11149  -6286  -6314  -8654  -6266  -7855  -9867 
 -9372  -9402 -10507  -9308  -9229  -8707  -9809  -7740 -10519 -10556  -9249  -4647  -4385  -6021  -4044  -4652  -4053  -4179  -3034  -4529  -5387  -2014  -8692  -6763  -5621  -4362  -3695  -4422  -2041  -1689  -3477    493  -1060  -4074  -2465  -4004  -5384  -5941  -4050  -1901      0  -6361  -9793  -8297  -9620  -9600  -8646  -8994 -10981 
 -9562 -10426  -5305  -8484  -7529  -9675  -9476  -9220  -8829  -8916  -9130 -11459 -10775  -8105  -8464  -8282  -8971  -9201 -10647 -10241  -9043  -8684  -8355  -9716  -8257  -9803 -10694 -10350  -8119  -7826 -10554  -9306  -8897  -8796  -9041  -8957  -8546  -7613  -9035  -8912  -6361      0  -5140  -8700  -7852  -5943  -7139  -9122  -6281 
 -9648  -7809  -6329  -6475 -10107  -9735  -5427  -4815  -8947  -6133 -11534 -11487 -11679  -9752  -8624  -9311  -7173 -10582  -8721  -9479  -8213  -8069  -8531  -9756  -8224  -8820  -9516 -10957  -8603  -7602 -11514  -9550 -10552  -9840 -10581  -8440  -8902  -9722  -9439 -11149  -9793  -5140      0 -12630 -13543 -11921 -11315 -13604 -11243 
 -5786  -8795  -5618  -6916  -7302  -7252  -5455  -5889  -9759  -5584  -6939  -8549  -6114  -9391  -6039  -8529  -6140  -8598  -9062  -9609  -9726  -9183  -6180  -6392  -5274  -6702  -6224  -4709  -6567  -6919  -9046  -8409  -7383  -5832  -8812  -7104  -8770  -6030  -6928  -6286  -8297  -8700 -12630      0  17836   9516   3070  19931   8074 
 -6039  -7771  -6022  -6123  -6806  -8160  -5997  -6752 -10672  -6293  -7446  -7638  -7468  -8430  -5555  -6356  -6351  -2533  -6075  -6415  -7043  -8296  -7376  -6979  -5106  -6724  -6612  -5198  -7390  -7289  -8003  -7252  -6991  -6525  -7771  -8103  -4722  -2933  -5680  -6314  -9620  -7852 -13543  17836      0   8252   5701  21537   9003 
 -5421  -8313  -4827  -6164  -5825  -8360  -6338  -7357  -9515  -6030  -7101  -8657  -8003 -10276  -8327  -9844  -8516  -8997  -5561  -8975 -11188  -7852  -5551 -10172 -10314  -8559  -6215  -7624  -9657  -8445  -9153 -10466  -9356  -8698 -10106  -6194 -10539  -7393  -8708  -8654  -9600  -5943 -11921   9516   8252      0  -5340   9769  21119 
 -7814  -8458  -7996  -5907  -8057  -8880  -6837  -9034 -11841  -6627 -10277  -7824  -7285  -7030  -5557  -5792  -6221  -4904  -6167  -5987  -4280  -5790  -8972  -6782  -5984  -6394  -7758  -7384  -5485  -8068  -6551  -6392  -6051  -7788  -7124  -6403  -6130  -4216  -5089  -6266  -8646  -7139 -11315   3070   5701  -5340      0   4089  -5585 
 -5269  -8885  -6780  -6630  -7341  -7995  -6269  -6963 -10682  -6450  -7154  -7418  -6436  -8768  -6199  -7701  -7184  -6945  -7992  -7990  -9387  -9286  -4554  -5203  -4795  -7349  -6564  -5238  -6999  -7439  -8382  -7636  -7453  -6356  -8345  -7862  -9638  -3896  -6904  -7855  -8994  -9122 -13604  19931  21537   9769   4089      0  10150 
 -6013  -8699  -5375  -6078  -7088  -8281  -6348  -6101  -9885  -6529  -7316  -8219  -9479  -9549  -8024  -9197  -8300  -7277  -9153  -9284  -8491 -11463  -4731 -10107 -10237  -8221  -8957  -4058  -8403  -8013  -8732  -9513  -9540  -8261  -8870  -9152  -7209  -5484  -6843  -9867 -10981  -6281 -11243   8074   9003  21119  -5585  10150      0 
