     0   2259  -5769  15176  -5786  -8176  -5645  -8486  -7610  -6501  -5527 -10216  -9668 -10440 -10056 -10824 -10513  -9169 -10424 -10395 -10213  -9716 -10494 -10156 -11413 -10196  -9587  -8735  -9816  -9564  -8689 -10259 -11872 -11451 -11188  -9595  -6548  -8042  -8167  -9456 -10488 -10102 -11000  -9990 -10824  -9883  -9394  -9930  -9836  -9930  -9570 
  2259      0  -5854   1759  -4318  -7598  -2047  -6750  -9832  -4084  -5872  -9697 -11878 -11916 -11812 -10741 -10103 -10294 -11181  -9374 -11454 -11370 -12414 -10376 -11242 -11311 -10128 -10773  -8627 -11176  -8558 -10473 -12495 -10300 -10446 -11023 -10859 -10357 -10375 -11963 -11267 -10540  -6175 -10159  -7984  -9846 -10091 -10338 -12176 -11182 -11162 
 -5769  -5854      0  -5671  -5142 -10268   3119  -1546 -11293   3241  -9816 -10859 -10833 -10300  -9325  -9664  -9477  -9688 -10143 -10131 -10534  -9229 -11184  -7939 -10074  -7408  -9398 -10056  -9435 -10711 -10651 -10257 -11200 -11494  -9144  -7805  -8440  -8680 -10237  -9955 -11470  -8453 -12402  -7643  -8492  -7732  -7430  -8698  -9480  -8831  -8689 
 15176   1759  -5671      0  -8028  -8453  -4666  -8267  -7566  -5760  -7443 -10867  -9922 -10147  -8649 -11147 -10133 -10000 -11111 -10446 -10030 -10158 -10953  -8277 -11425  -7819  -9977  -9898  -9384 -11356  -7816 -10220  -9123 -12210 -11522  -8046 -10893 -10052  -6790  -8439  -9353  -8826  -7831  -9924  -8675 -10623 -11747 -10214 -10830 -10445 -10839 
 -5786  -4318  -5142  -8028      0  -8905  -4476  -5645  -9652  -5960  -6389  -7753  -8322  -9682 -10015  -8044  -8592 -10465  -8707  -8820 -11192 -11099  -8988  -8175 -10234  -8282 -10392 -10260 -10663  -9162  -8225  -8893  -9898  -9276  -8691 -10027  -9381 -10951  -7880  -9266  -7225 -10642  -9592  -9850 -12602 -10013 -10631  -9975 -10811 -10901 -10564 
 -8176  -7598 -10268  -8453  -8905      0  -7084  -5951  -8175  -8322  12462  -8170 -11209  -6905 -10372  -9987  -6080  -8729  -7713  -7946  -6691  -9621  -9697  -8426  -6820  -9656  -8188  -7926 -10349  -9877  -8565  -7716 -11027  -7901  -9736  -8837 -10228  -9236  -6262  -7978  -8083 -10086  -7611  -9591 -10172 -10547  -9488  -8725 -11610 -10759 -10912 
 -5645  -2047   3119  -4666  -4476  -7084      0   2197  -7423  27257  -6898 -10943  -8101  -8762  -8997 -10236  -9884 -10669 -10001 -11035 -10357 -11357 -10787 -10155 -10902  -7801 -11348 -11774 -10988 -10190  -9348  -9062  -7478  -9162  -9494  -9177 -10381  -9995  -9026  -8846 -12782  -8202  -4545 -10426  -7067  -9126  -9515  -9940  -9295  -9426  -9263 
 -8486  -6750  -1546  -8267  -5645  -5951   2197      0  -5490   2600  -2533 -11435 -11627 -10487 -11456  -6883  -8750 -11349 -11801  -9415 -10898 -10456  -9620  -8223  -9765  -9125  -9689 -10719 -10623 -11036 -10709  -8877 -10637  -8260  -8752 -11205 -10017 -11908 -11510 -10762 -10366  -8570  -7836  -8702  -7270  -9674 -10441 -10513 -13654  -9767 -10113 
 -7610  -9832 -11293  -7566  -9652  -8175  -7423  -5490      0  -7556  -5354 -10739 -11463  -8835 -10136 -11728 -10738 -10726 -13162  -9443 -10409 -11655  -8763  -6698 -10579  -9521 -10616 -10318 -11339  -9734 -11321 -11225 -11685 -10182 -10852 -11604 -11255 -11868 -11072 -11966 -10512 -10692 -10596 -11199  -8771 -12998 -13641 -13789 -12630 -13978 -14082 
 -6501  -4084   3241  -5760  -5960  -8322  27257   2600  -7556      0  -7323 -12078  -8414  -9948 -13502  -9972  -9641 -11312 -11168 -12119 -11167 -11469 -10501  -9485 -11114 -11100 -10492 -10981  -8921 -10224 -10284  -9040  -8578  -9476 -10653 -10711 -10143  -9965 -10856  -8763 -12702  -6123 -10402 -11105  -7409 -10673 -11195 -11243 -10896 -11002 -10549 
 -5527  -5872  -9816  -7443  -6389  12462  -6898  -2533  -5354  -7323      0 -10161 -11766 -10367 -10651  -7966  -7581  -9897 -10898  -9967  -9145 -11443  -6903  -8088 -10145  -9419  -9847 -10145 -10807 -11057  -9228  -9341  -8980  -7547  -8843  -7881 -10930  -9762 -10296  -8884 -10068 -10904 -10479  -9193 -11786  -9634 -10073  -9171 -12886 -11086 -10341 
-10216  -9697 -10859 -10867  -7753  -8170 -10943 -11435 -10739 -12078 -10161      0   7897  -1220   1137   3262    684   5761   4334   5709   2202   1019   5512   3531   3606   3303   4358   3350   4509   1288    279   4419  -5849   2989   2669   1131   2824   3965   1467    483   2001  -9634  -4790 -11943 -11704  -8540  -8774  -7840  -8027  -8921  -8949 
 -9668 -11878 -10833  -9922  -8322 -11209  -8101 -11627 -11463  -8414 -11766   7897      0    267   -680   -560  -1539  -3659  -4219  -3322  -2312  -1250   3339    266    997    847      6    854   -910  -4294  -1657   3088  -8191   1555    379    645  -2260  -1928   4375   3674  -2405  -8592  -4353 -11478  -6765  -8554  -8521  -7628  -8360  -8536  -9571 
-10440 -11916 -10300 -10147  -9682  -6905  -8762 -10487  -8835  -9948 -10367  -1220    267      0   1387   -584   4412  -2878  -3866   -448  -3818   1057   4198   -272   2136  -1030   1063    785  -2143  -5309   1675   1786  -5371   2913   2714   2478  -1364    251   9540   7828   4188 -10627  -3169  -6873  -7365  -4783  -5391  -5203  -4840  -5177  -4212 
-10056 -11812  -9325  -8649 -10015 -10372  -8997 -11456 -10136 -13502 -10651   1137   -680   1387      0   6101   4900   -400  -1483  -1403  -3479    762   2563   5848   2744   3646   3749   3771   1554   1927    338   4974  -5099    745   2258   -551   -462    336  -1014   -674  -1586  -9381  -1081  -8677 -11629  -8039  -8571  -8928  -8266  -7630  -7270 
-10824 -10741  -9664 -11147  -8044  -9987 -10236  -6883 -11728  -9972  -7966   3262   -560   -584   6101      0   2412    573   -476   1852   -910    134   5564   4889   4074   5230   3870   3085   2038    626   1470   4811  -4909   3195   3807    861    987   3156  -1674  -2551  -3675  -9394  -4309 -10642 -10744  -7365  -8156  -8025  -8414  -7141  -7180 
-10513 -10103  -9477 -10133  -8592  -6080  -9884  -8750 -10738  -9641  -7581    684  -1539   4412   4900   2412      0   5093   4003   6014   4290   9151  10229   8030  14492  10568  14695  13194   8937   6389  10339  11014  -1384  12790  12157  10917   6447   8104   4954   3051   2978  -9374  -3849  -5737  -5572  -1257  -3013  -2422  -3146  -3144  -3902 
 -9169 -10294  -9688 -10000 -10465  -8729 -10669 -11349 -10726 -11312  -9897   5761  -3659  -2878   -400    573   5093      0  28282  32640  22861   7821   5867    591   7226   1029   5330   5260   1472   4312   2494   8211  -6371   6346   2847   4303   7588   8771  -1969  -3834   -284  -9286  -7296  -9093  -8511  -5501  -6616  -6502  -6481  -6211  -4727 
-10424 -11181 -10143 -11111  -8707  -7713 -10001 -11801 -13162 -11168 -10898   4334  -4219  -3866  -1483   -476   4003  28282      0  28313  22068   5681   5325    647   6406   1106   4669   5100   2157   4106   1794   7286  -7944   2846   3507    201   7365   7612  -2306  -4337   -840  -8706  -6591 -11600  -8537  -7150  -7599  -7734  -8626  -8021  -7453 
-10395  -9374 -10131 -10446  -8820  -7946 -11035  -9415  -9443 -12119  -9967   5709  -3322   -448  -1403   1852   6014  32640  28313      0  23745   8006   5085    170   6146   2318   4524   4859    923   3611   1804   8071  -6444   5388   4584   2366   6560   8058  -3224  -3450   -625  -8892  -7463  -9836  -9097  -6748  -6289  -7409  -6669  -7781  -5979 
-10213 -11454 -10534 -10030 -11192  -6691 -10357 -10898 -10409 -11167  -9145   2202  -2312  -3818  -3479   -910   4290  22861  22068  23745      0   9144   1027  -1964   3395   -635   1563   2342  -1132   4091   1585   4068  -6047   2974    797    518   5092   6241  -2962  -3958    360  -9455  -7806  -9444  -7389  -5258  -6493  -6728  -4572  -7708  -6374 
 -9716 -11370  -9229 -10158 -11099  -9621 -11357 -10456 -11655 -11469 -11443   1019  -1250   1057    762    134   9151   7821   5681   8006   9144      0   4665   2158   5029   2127   6026   6813   2644   3263   3951   8334  -7727   5623   4660   5389   9578   9944   3955   4730   3930  -9193  -3828  -4195  -5581  -5457  -5050  -4260  -3448  -6557  -5894 
-10494 -12414 -11184 -10953  -8988  -9697 -10787  -9620  -8763 -10501  -6903   5512   3339   4198   2563   5564  10229   5867   5325   5085   1027   4665      0  20376  19338  22089  19498  17344  11649  10416   9070  13313  -1963  14114  17876  13650   6538   6980   3856   -249   3462  -7549  -4488  -9138  -7386  -4334  -4588  -4724  -5021  -4645  -3289 
-10156 -10376  -7939  -8277  -8175  -8426 -10155  -8223  -6698  -9485  -8088   3531    266   -272   5848   4889   8030    591    647    170  -1964   2158  20376      0  16065  22187  15543  15306   8337   9567  11768  10217    199  11546  15658   9983   4113   3635   4873    921   3466 -10507  -3752 -10383  -8813  -7292  -7736  -7850  -9447  -8859  -8429 
-11413 -11242 -10074 -11425 -10234  -6820 -10902  -9765 -10579 -11114 -10145   3606    997   2136   2744   4074  14492   7226   6406   6146   3395   5029  19338  16065      0  15667  19121  18235  10531   9922  12540  17252  -1533  14912  17514  15648   8644  10475   3064   2421   5373  -8151  -5074  -6283  -4606  -3885  -5304  -4932  -6943  -7388  -6216 
-10196 -11311  -7408  -7819  -8282  -9656  -7801  -9125  -9521 -11100  -9419   3303    847  -1030   3646   5230  10568   1029   1106   2318   -635   2127  22089  22187  15667      0  21423  18637   9404   8560   8619  10317  -3424  10296  15060   9658   1814   2457   1592   -403    863  -9433  -5290 -11618  -9868  -8267  -7088  -7769  -6526  -8980  -8354 
 -9587 -10128  -9398  -9977 -10392  -8188 -11348  -9689 -10616 -10492  -9847   4358      6   1063   3749   3870  14695   5330   4669   4524   1563   6026  19498  15543  19121  21423      0  33980  14631  12012  13441  18901  -2133  17622  17403  17862   5277   5231   2600  -2387   3254 -10816  -6425  -9424  -8862  -4987  -6527  -5966  -7849  -7366  -5694 
 -8735 -10773 -10056  -9898 -10260  -7926 -11774 -10719 -10318 -10981 -10145   3350    854    785   3771   3085  13194   5260   5100   4859   2342   6813  17344  15306  18235  18637  33980      0  14148  13608  15844  20260  -1897  20846  16047  17805   6543   5691   4641  -1575   3681 -10140  -6405  -8148  -8567  -3448  -4747  -4516  -5475  -5475  -3489 
 -9816  -8627  -9435  -9384 -10663 -10349 -10988 -10623 -11339  -8921 -10807   4509   -910  -2143   1554   2038   8937   1472   2157    923  -1132   2644  11649   8337  10531   9404  14631  14148      0  17693   9753  10606   -472  13163  10532  12673   3654   4259    248   -191  -2069  -9903  -4180  -9481  -9687  -6089  -8114  -7291  -8610  -8185  -9006 
 -9564 -11176 -10711 -11356  -9162  -9877 -10190 -11036  -9734 -10224 -11057   1288  -4294  -5309   1927    626   6389   4312   4106   3611   4091   3263  10416   9567   9922   8560  12012  13608  17693      0  11399  10134     88  10680   9489  10388   5236   5608   -990  -3114  -3257  -9934  -4929  -9362  -8223  -6308  -7679  -7685  -9517  -9753  -9518 
 -8689  -8558 -10651  -7816  -8225  -8565  -9348 -10709 -11321 -10284  -9228    279  -1657   1675    338   1470  10339   2494   1794   1804   1585   3951   9070  11768  12540   8619  13441  15844   9753  11399      0  10564  10361  15414  13150  28280   2341   3291   2776   -727    515  -9833  -3416 -11752 -12863  -4960  -7099  -8033  -5845  -8601  -8258 
-10259 -10473 -10257 -10220  -8893  -7716  -9062  -8877 -11225  -9040  -9341   4419   3088   1786   4974   4811  11014   8211   7286   8071   4068   8334  13313  10217  17252  10317  18901  20260  10606  10134  10564      0  -1468  25578  15075  12941   5251   6699   3770   1040   2593  -8491  -5394  -7625  -5118  -5715  -6014  -5251  -5053  -5907  -3882 
-11872 -12495 -11200  -9123  -9898 -11027  -7478 -10637 -11685  -8578  -8980  -5849  -8191  -5371  -5099  -4909  -1384  -6371  -7944  -6444  -6047  -7727  -1963    199  -1533  -3424  -2133  -1897   -472     88  10361  -1468      0   -354  -2423   7939  -3948  -2372  -6931  -9317  -8218  -7120  -9408  -8951 -11819 -11305 -10488 -10977  -8573 -10494 -10352 
-11451 -10300 -11494 -12210  -9276  -7901  -9162  -8260 -10182  -9476  -7547   2989   1555   2913    745   3195  12790   6346   2846   5388   2974   5623  14114  11546  14912  10296  17622  20846  13163  10680  15414  25578   -354      0  21947  19696   3713   4403   3446    528   2899  -9897  -4685  -9527  -9001  -6932  -6872  -6222  -6839  -7716  -7336 
-11188 -10446  -9144 -11522  -8691  -9736  -9494  -8752 -10852 -10653  -8843   2669    379   2714   2258   3807  12157   2847   3507   4584    797   4660  17876  15658  17514  15060  17403  16047  10532   9489  13150  15075  -2423  21947      0  20172   2138   2141   1721   -159   4532 -10155  -3179 -10529  -8158  -5229  -6144  -6461  -7862  -7313  -7043 
 -9595 -11023  -7805  -8046 -10027  -8837  -9177 -11205 -11604 -10711  -7881   1131    645   2478   -551    861  10917   4303    201   2366    518   5389  13650   9983  15648   9658  17862  17805  12673  10388  28280  12941   7939  19696  20172      0   3348   3939   3854   -954   1299  -9752  -4299  -9273  -9755  -6675  -6250  -7171  -7005  -6734  -6709 
 -6548 -10859  -8440 -10893  -9381 -10228 -10381 -10017 -11255 -10143 -10930   2824  -2260  -1364   -462    987   6447   7588   7365   6560   5092   9578   6538   4113   8644   1814   5277   6543   3654   5236   2341   5251  -3948   3713   2138   3348      0  34585   3188    162   2301  -7602  -4301  -3951  -6201  -3845  -6423  -7417  -5582  -7910  -6694 
 -8042 -10357  -8680 -10052 -10951  -9236  -9995 -11908 -11868  -9965  -9762   3965  -1928    251    336   3156   8104   8771   7612   8058   6241   9944   6980   3635  10475   2457   5231   5691   4259   5608   3291   6699  -2372   4403   2141   3939  34585      0   4563   1443   2736  -6929  -2388  -4026  -6287  -4562  -6770  -7103  -5125  -8150  -6939 
 -8167 -10375 -10237  -6790  -7880  -6262  -9026 -11510 -11072 -10856 -10296   1467   4375   9540  -1014  -1674   4954  -1969  -2306  -3224  -2962   3955   3856   4873   3064   1592   2600   4641    248   -990   2776   3770  -6931   3446   1721   3854   3188   4563      0  26065   6606  -9815  -5247  -5798  -6720  -3184  -2646  -3985  -2329  -3671  -4095 
 -9456 -11963  -9955  -8439  -9266  -7978  -8846 -10762 -11966  -8763  -8884    483   3674   7828   -674  -2551   3051  -3834  -4337  -3450  -3958   4730   -249    921   2421   -403  -2387  -1575   -191  -3114   -727   1040  -9317    528   -159   -954    162   1443  26065      0   5578 -10370  -2303  -7267  -9129  -3371  -3689  -4263  -4341  -4998  -4716 
-10488 -11267 -11470  -9353  -7225  -8083 -12782 -10366 -10512 -12702 -10068   2001  -2405   4188  -1586  -3675   2978   -284   -840   -625    360   3930   3462   3466   5373    863   3254   3681  -2069  -3257    515   2593  -8218   2899   4532   1299   2301   2736   6606   5578      0 -10665  -2028  -6407  -6288  -6023  -3898  -4174  -5524  -6852  -7465 
-10102 -10540  -8453  -8826 -10642 -10086  -8202  -8570 -10692  -6123 -10904  -9634  -8592 -10627  -9381  -9394  -9374  -9286  -8706  -8892  -9455  -9193  -7549 -10507  -8151  -9433 -10816 -10140  -9903  -9934  -9833  -8491  -7120  -9897 -10155  -9752  -7602  -6929  -9815 -10370 -10665      0    435  -8253  -9114 -11898 -10980 -10893  -9028 -10543 -10390 
-11000  -6175 -12402  -7831  -9592  -7611  -4545  -7836 -10596 -10402 -10479  -4790  -4353  -3169  -1081  -4309  -3849  -7296  -6591  -7463  -7806  -3828  -4488  -3752  -5074  -5290  -6425  -6405  -4180  -4929  -3416  -5394  -9408  -4685  -3179  -4299  -4301  -2388  -5247  -2303  -2028    435      0  -7979  -6585 -10359  -8495  -8631  -9846  -8793  -9046 
 -9990 -10159  -7643  -9924  -9850  -9591 -10426  -8702 -11199 -11105  -9193 -11943 -11478  -6873  -8677 -10642  -5737  -9093 -11600  -9836  -9444  -4195  -9138 -10383  -6283 -11618  -9424  -8148  -9481  -9362 -11752  -7625  -8951  -9527 -10529  -9273  -3951  -4026  -5798  -7267  -6407  -8253  -7979      0   1254  -6948  -7047  -6886  -4898  -6560  -5682 
-10824  -7984  -8492  -8675 -12602 -10172  -7067  -7270  -8771  -7409 -11786 -11704  -6765  -7365 -11629 -10744  -5572  -8511  -8537  -9097  -7389  -5581  -7386  -8813  -4606  -9868  -8862  -8567  -9687  -8223 -12863  -5118 -11819  -9001  -8158  -9755  -6201  -6287  -6720  -9129  -6288  -9114  -6585   1254      0  -5213  -6810  -6219  -4339  -5414  -5551 
 -9883  -9846  -7732 -10623 -10013 -10547  -9126  -9674 -12998 -10673  -9634  -8540  -8554  -4783  -8039  -7365  -1257  -5501  -7150  -6748  -5258  -5457  -4334  -7292  -3885  -8267  -4987  -3448  -6089  -6308  -4960  -5715 -11305  -6932  -5229  -6675  -3845  -4562  -3184  -3371  -6023 -11898 -10359  -6948  -5213      0  29769  33065  14750  32631  30646 
 -9394 -10091  -7430 -11747 -10631  -9488  -9515 -10441 -13641 -11195 -10073  -8774  -8521  -5391  -8571  -8156  -3013  -6616  -7599  -6289  -6493  -5050  -4588  -7736  -5304  -7088  -6527  -4747  -8114  -7679  -7099  -6014 -10488  -6872  -6144  -6250  -6423  -6770  -2646  -3689  -3898 -10980  -8495  -7047  -6810  29769      0  32894  17123  32557  29639 
 -9930 -10338  -8698 -10214  -9975  -8725  -9940 -10513 -13789 -11243  -9171  -7840  -7628  -5203  -8928  -8025  -2422  -6502  -7734  -7409  -6728  -4260  -4724  -7850  -4932  -7769  -5966  -4516  -7291  -7685  -8033  -5251 -10977  -6222  -6461  -7171  -7417  -7103  -3985  -4263  -4174 -10893  -8631  -6886  -6219  33065  32894      0  14563  32405  30420 
 -9836 -12176  -9480 -10830 -10811 -11610  -9295 -13654 -12630 -10896 -12886  -8027  -8360  -4840  -8266  -8414  -3146  -6481  -8626  -6669  -4572  -3448  -5021  -9447  -6943  -6526  -7849  -5475  -8610  -9517  -5845  -5053  -8573  -6839  -7862  -7005  -5582  -5125  -2329  -4341  -5524  -9028  -9846  -4898  -4339  14750  17123  14563      0  16348  17650 
 -9930 -11182  -8831 -10445 -10901 -10759  -9426  -9767 -13978 -11002 -11086  -8921  -8536  -5177  -7630  -7141  -3144  -6211  -8021  -7781  -7708  -6557  -4645  -8859  -7388  -8980  -7366  -5475  -8185  -9753  -8601  -5907 -10494  -7716  -7313  -6734  -7910  -8150  -3671  -4998  -6852 -10543  -8793  -6560  -5414  32631  32557  32405  16348      0  36222 
 -9570 -11162  -8689 -10839 -10564 -10912  -9263 -10113 -14082 -10549 -10341  -8949  -9571  -4212  -7270  -7180  -3902  -4727  -7453  -5979  -6374  -5894  -3289  -8429  -6216  -8354  -5694  -3489  -9006  -9518  -8258  -3882 -10352  -7336  -7043  -6709  -6694  -6939  -4095  -4716  -7465 -10390  -9046  -5682  -5551  30646  29639  30420  17650  36222      0 
