     0  -1199  -3544  11239  -5312  -5686  -4258  -8682  -5677  -3870  -3441  -8570  -8493  -8043  -7508  -8698  -8721  -6770  -8043  -8198  -8283  -8382  -8419  -7725  -8197  -9051  -9173  -8530  -7320  -6748  -7385  -9364  -9425 -10218  -7730  -5034  -6169  -6484  -6671  -8595  -9472  -9474  -8636  -5643  -5896  -5287  -7514  -5126  -5642 
 -1199      0  -5385   1027  -5214  -5030  -3376  -6995  -6553  -3207  -4220  -7667  -8840  -9447 -10145  -7569  -8975  -6861  -9472  -7636  -9266  -9066  -9399  -8119  -8727  -9730  -8755  -8675  -8578 -10345  -8445  -9057  -8977  -9664  -9794 -10310  -8579  -7589  -8313  -7579  -7844  -9918  -7611  -6040  -7571  -7799  -8558  -8509  -8423 
 -3544  -5385      0  -5496  -2630  -7508     47  -4240  -8404    618  -8067  -9024  -8774  -8503  -7275  -7029  -6920  -7201  -7551  -7611  -6900  -7333  -7899  -8245  -7363  -7865  -9131  -6755  -7132  -8791  -8814  -8912 -10097  -8933  -7652  -7944  -7857  -7941  -7054  -9719 -10707  -4871  -6329  -5718  -5372  -4827  -7107  -6523  -5375 
 11239   1027  -5496      0  -6931  -6238  -5840  -6485  -6304  -5316  -4714  -7258  -9500  -8000  -6720  -9717  -6985  -5767  -6723  -5923  -5149  -6392  -7913  -6336  -9416  -7061  -8167  -7149  -6094  -7435  -6136  -7728  -8193 -10742  -6318  -5972  -6596  -4768  -6180  -7231  -7356  -7784  -6125  -6916  -6123  -6164  -5783  -6630  -6078 
 -5312  -5214  -2630  -6931      0  -5873  -3450  -6558  -7666  -4247  -5014  -5519  -8016  -7204  -7651  -6632  -5543  -5529  -5250  -5889  -7118  -8109  -8301  -6342  -6473  -5601  -7480  -6472  -7352  -8455  -4697  -5237  -6247  -7110  -6129  -4649  -5381  -6108  -6789  -4051  -5981  -7729  -9423  -6582  -6669  -5493  -7957  -7120  -6867 
 -5686  -5030  -7508  -6238  -5873      0  -6334  -2924  -5933  -6841  10929  -7052  -8740  -7279  -8998  -8940  -6305  -9157  -8696  -8887  -7471  -7627  -8234  -7516  -7698  -9347  -8586  -7187  -7925 -10090  -7671  -7518  -4447  -8294  -7662  -9330  -8977  -7097  -6251  -8759  -8257  -9595  -9242  -7188  -7475  -6706  -6906  -6966  -7924 
 -4258  -3376     47  -5840  -3450  -6334      0  -1347  -7048  21014  -4094  -9275  -8296  -7208  -9405 -10255  -7923  -9427  -9817  -8988  -7975 -10578  -6401  -7501  -8827  -8879  -8110  -8600  -9062  -9119  -6543  -7401  -5118  -7899  -6796  -9118  -8871 -10175  -7951 -10890  -7992  -8865  -5356  -3526  -5997  -6438  -6662  -6269  -6448 
 -8682  -6995  -4240  -6485  -6558  -2924  -1347      0  -6699  -1476  -2435  -8741  -7101  -7767  -8663  -5353  -4186  -7619  -7720  -6796  -6855  -7100  -6985  -7003  -6692  -6802  -6650  -6212  -5889  -7879  -6177  -6768  -5469  -5888  -6970  -7286  -8715  -7705  -7223  -8679  -5099  -8681  -4815  -5889  -6711  -6489  -9034  -6963  -4788 
 -5677  -6553  -8404  -6304  -7666  -5933  -7048  -6699      0  -6534  -4910 -11048  -8881 -10252  -9496  -9940 -10140 -10262 -11389 -10175  -9207  -8863  -7328  -4808  -9209  -7885  -8888  -7689  -8371  -7782 -10466  -9128  -8603 -11246 -10740  -9691  -9734  -9469  -8986  -8649 -10325  -8686  -8914  -9745 -10455  -9156 -10721 -10465  -9784 
 -3870  -3207    618  -5316  -4247  -6841  21014  -1476  -6534      0  -5134 -10453  -8453  -8534 -10010  -9562  -8303  -9508 -10136  -9760  -8728  -9990  -8154  -9790  -9677  -9046  -8750  -8646  -8319  -8828  -7661  -6846  -6989  -9194  -7739  -8663  -9131 -10127  -7868 -10769 -10437  -8180  -5553  -5584  -6293  -6567  -7309  -6550  -6729 
 -3441  -4220  -8067  -4714  -5014  10929  -4094  -2435  -4910  -5134      0  -8014  -8818  -9388  -8703  -8835  -6514  -9060  -9873  -9237  -7101  -9761  -6053  -5847  -7132  -8382  -8315  -7564  -7306  -9664  -7712  -6990  -6881  -6766  -7451  -8918  -8117  -6761  -6297  -9206  -7781  -9230 -10970  -5752  -7446  -6539  -8682  -6481  -6586 
 -8570  -7667  -9024  -7258  -5519  -7052  -9275  -8741 -11048 -10453  -8014      0   7024     51   1561   1664   3943   7799   6992   8057  -1038   3259  -1591   1537   2171   1249   1529   6187   2665  -1005   1314   6413   1543   2576   1364   1998   2393   3340   1590   3278  -2005 -10256 -10115  -5778  -5565  -5035  -7786  -7518  -7573 
 -8493  -8840  -8774  -9500  -8016  -8740  -8296  -7101  -8881  -8453  -8818   7024      0   1379  -2349    424   2283   -504   -287    329   -783   1665  -5597  -2480   -146  -1097  -1554   3433  -2311  -4231  -1368   6049  -1559   -547   -438     31  -1071   3291   3523   -871    160 -10656  -9685  -5333  -6951  -8703  -6915  -6378  -7006 
 -8043  -9447  -8503  -8000  -7204  -7279  -7208  -7767 -10252  -8534  -9388     51   1379      0   -921    189   4975   -575   -585   1773   -304   2700  -2754  -1999   3044  -2052   -663   5547  -2091  -3997   1083   5401   1955   1631   2419   1533   1600   5434   8952   5223  -1717  -8205  -7017  -5557  -4342  -5551  -4222  -8562  -9549 
 -7508 -10145  -7275  -6720  -7651  -8998  -9405  -8663  -9496 -10010  -8703   1561  -2349   -921      0   3068   2979   -848    -69  -1638  -3469   -210  -4044   1109   4615   3733   2309   3470   5027   2878   2409   4065   1959   2510   1033  -1973   -162   -156   1208   -548  -3348  -8434  -8661  -6139  -3642  -8350  -5357  -6299  -7055 
 -8698  -7569  -7029  -9717  -6632  -8940 -10255  -5353  -9940  -9562  -8835   1664    424    189   3068      0   2209   -362    403   1300   -821   -893  -1235   1307   3191   3392   4268   4459   4728   3118    977   5456   4221   2011    -14   -379    673  -1756   -726  -4233  -5718  -8505  -9325  -6453  -5524  -8483  -5892  -7617  -7949 
 -8721  -8975  -6920  -6985  -5543  -6305  -7923  -4186 -10140  -8303  -6514   3943   2283   4975   2979   2209      0   3922   4332   4002  -1044   6309   1375   4102   7568   5527   9284  13716   8526   5352   5025  11726   7809   7355   5586   4957   4505   4853   3725   5449   1447  -8989  -7273  -1472  -2050  -3488  -4879  -6946  -7271 
 -6770  -6861  -7201  -5767  -5529  -9157  -9427  -7619 -10262  -9508  -9060   7799   -504   -575   -848   -362   3922      0  21718  24161  11052   6127  -2933   -676   3463    958   1410   5287   1837      0   2175   6401   1001    654    608   5034   5422    769  -1013    848  -1903  -8633 -10125  -5813  -3086  -6373  -4687  -6310  -6764 
 -8043  -9472  -7551  -6723  -5250  -8696  -9817  -7720 -11389 -10136  -9873   6992   -287   -585    -69    403   4332  21718      0  22311  11576   6142  -2779   -927   3749    942    685   4724   2028    -57    538   6511    -58   2193   -603   6412   6113   -117   -448   1354  -2156  -9757  -8021  -6804  -4314  -7109  -5569  -7732  -8121 
 -8198  -7636  -7611  -5923  -5889  -8887  -8988  -6796 -10175  -9760  -9237   8057    329   1773  -1638   1300   4002  24161  22311      0  10792   9848  -1711   -853   4193   1205   2095   7814   1483   -516   1164   9837   2248   3418   1830   8204   6444    566   -680   1501  -2468  -9275  -7449  -6971  -3500  -5674  -5268  -8011  -8397 
 -8283  -9266  -6900  -5149  -7118  -7471  -7975  -6855  -9207  -8728  -7101  -1038   -783   -304  -3469   -821  -1044  11052  11576  10792      0   4486  -7070  -2801    786  -3611  -2670  -1062    563    199   -494  -1233   -670  -1623    442   1743   3009  -1300  -1448  -1786  -2470  -8557  -8329  -4475  -2510  -8981  -3238  -8169  -9436 
 -8382  -9066  -7333  -6392  -8109  -7627 -10578  -7100  -8863  -9990  -9761   3259   1665   2700   -210   -893   6309   6127   6142   9848   4486      0  -4661    193   2027  -1720   1615   6147   2706   2651    764   7522   1495    527    707   8927   5795   3762   5787   1319   -721  -6903  -7158  -6456  -5483  -3840  -2302  -8592 -10936 
 -8419  -9399  -7899  -7913  -8301  -8234  -6401  -6985  -7328  -8154  -6053  -1591  -5597  -2754  -4044  -1235   1375  -2933  -2779  -1711  -7070  -4661      0   8739   5538   6796   6887   6858   3030   2921     78   2395   2103   3020     90    178  -1198  -6573  -7378  -4979  -6690  -8088  -8631  -4734  -6514  -2622  -8452  -6704  -4641 
 -7725  -8119  -8245  -6336  -6342  -7516  -7501  -7003  -4808  -9790  -5847   1537  -2480  -1999   1109   1307   4102   -676   -927   -853  -2801    193   8739      0   8601  12035  11156  11465   7924   8742   6095   5377   6585   8883   5449    168    348   -479  -2186  -1527  -5542  -7747  -7906  -4469  -6897  -4656  -6490  -8081  -9675 
 -8197  -8727  -7363  -9416  -6473  -7698  -8827  -6692  -9209  -9677  -7132   2171   -146   3044   4615   3191   7568   3463   3749   4193    786   2027   5538   8601      0  11653  10873  14088   9599   5860   7041  12781   8628  11181  10645   4910   7993   2893   1847   2169  -1987  -8453  -7300  -3935  -3099  -3473  -2725  -6503  -8704 
 -9051  -9730  -7865  -7061  -5601  -9347  -8879  -6802  -7885  -9046  -8382   1249  -1097  -2052   3733   3392   5527    958    942   1205  -3611  -1720   6796  12035  11653      0  12511  12481  11240   7168   7546   7005   6198   8961   6938   -249   1509   2090  -1778   -147  -2351  -9296  -8620  -3495  -4341  -5820  -4429  -7335  -5717 
 -9173  -8755  -9131  -8167  -7480  -8586  -8110  -6650  -8888  -8750  -8315   1529  -1554   -663   2309   4268   9284   1410    685   2095  -2670   1615   6887  11156  10873  12511      0  20147  10482   9944   8025  10445  13831   9034  10221   4086   3383   -878  -3830  -1870  -1815  -8750  -8243  -3668  -4056  -2960  -5636  -6617  -8868 
 -8530  -8675  -6755  -7149  -6472  -7187  -8600  -6212  -7689  -8646  -7564   6187   3433   5547   3470   4459  13716   5287   4724   7814  -1062   6147   6858  11465  14088  12481  20147      0  10718  11600   9260  18744  13109  10375  10331   8305   6168   2852   2091   5468    935 -10267  -9174  -2032  -2759  -3055  -6196  -5338  -7292 
 -7320  -8578  -7132  -6094  -7352  -7925  -9062  -5889  -8371  -8319  -7306   2665  -2311  -2091   5027   4728   8526   1837   2028   1483    563   2706   3030   7924   9599  11240  10482  10718      0  13846   9846   6600   7924   9915  10913   1735   3474  -1011  -1401  -1160  -1692  -7842  -8603  -4771  -4816  -7216  -5485  -6999  -8403 
 -6748 -10345  -8791  -7435  -8455 -10090  -9119  -7879  -7782  -8828  -9664  -1005  -4231  -3997   2878   3118   5352      0    -57   -516    199   2651   2921   8742   5860   7168   9944  11600  13846      0  10171   6645   7922   8041   9405   3326   3580  -2361  -1645  -4587  -1239  -7878  -7602  -6869  -7415  -8377  -7521  -7439  -8013 
 -7385  -8445  -8814  -6136  -4697  -7671  -6543  -6177 -10466  -7661  -7712   1314  -1368   1083   2409    977   5025   2175    538   1164   -494    764     78   6095   7041   7546   8025   9260   9846  10171      0   5999   8004   8907  20072    637   2282    727  -2641  -1570  -1280 -10051 -11229  -7261  -6238  -7193  -6551  -7774  -7612 
 -9364  -9057  -8912  -7728  -5237  -7518  -7401  -6768  -9128  -6846  -6990   6413   6049   5401   4065   5456  11726   6401   6511   9837  -1233   7522   2395   5377  12781   7005  10445  18744   6600   6645   5999      0  17769  10036   8152   7552   6743   2655   4128   4302    581  -8585  -6904  -5941  -4641  -4265  -4373  -7514  -9391 
 -9425  -8977 -10097  -8193  -6247  -4447  -5118  -5469  -8603  -6989  -6881   1543  -1559   1955   1959   4221   7809   1001    -58   2248   -670   1495   2103   6585   8628   6198  13831  13109   7924   7922   8004  17769      0  14509  10543   1168   2143    429   -622   2200      8  -8980  -8862  -3621  -4756  -4103  -4076  -7345  -9274 
-10218  -9664  -8933 -10742  -7110  -8294  -7899  -5888 -11246  -9194  -6766   2576   -547   1631   2510   2011   7355    654   2193   3418  -1623    527   3020   8883  11181   8961   9034  10375   9915   8041   8907  10036  14509      0  15267    671   2273   2439    216   1356  -1683  -8896  -8107  -3296  -4696  -4876  -6073  -6356  -8777 
 -7730  -9794  -7652  -6318  -6129  -7662  -6796  -6970 -10740  -7739  -7451   1364   -438   2419   1033    -14   5586    608   -603   1830    442    707     90   5449  10645   6938  10221  10331  10913   9405  20072   8152  10543  15267      0    785   2061    951   -809   -104  -2283  -9648 -10123  -4719  -4071  -6576  -5622  -7448  -8406 
 -5034 -10310  -7944  -5972  -4649  -9330  -9118  -7286  -9691  -8663  -8918   1998     31   1533  -1973   -379   4957   5034   6412   8204   1743   8927    178    168   4910   -249   4086   8305   1735   3326    637   7552   1168    671    785      0  21592   2867   2943    808  -1415  -7480  -5848  -5825  -5054  -5148  -3719  -7412  -8136 
 -6169  -8579  -7857  -6596  -5381  -8977  -8871  -8715  -9734  -9131  -8117   2393  -1071   1600   -162    673   4505   5422   6113   6444   3009   5795  -1198    348   7993   1509   3383   6168   3474   3580   2282   6743   2143   2273   2061  21592      0   3844   1716    277    398  -7910  -7054  -6063  -4467  -4155  -2963  -9001  -8471 
 -6484  -7589  -7941  -4768  -6108  -7097 -10175  -7705  -9469 -10127  -6761   3340   3291   5434   -156  -1756   4853    769   -117    566  -1300   3762  -6573   -479   2893   2090   -878   2852  -1011  -2361    727   2655    429   2439    951   2867   3844      0  15395   2738  -2190  -7713  -8255  -3025   -708  -3301   -684  -3996  -3467 
 -6671  -8313  -7054  -6180  -6789  -6251  -7951  -7223  -8986  -7868  -6297   1590   3523   8952   1208   -726   3725  -1013   -448   -680  -1448   5787  -7378  -2186   1847  -1778  -3830   2091  -1401  -1645  -2641   4128   -622    216   -809   2943   1716  15395      0   4787   -418  -9235  -8352  -4379  -2939  -4558  -1515  -6554  -5505 
 -8595  -7579  -9719  -7231  -4051  -8759 -10890  -8679  -8649 -10769  -9206   3278   -871   5223   -548  -4233   5449    848   1354   1501  -1786   1319  -4979  -1527   2169   -147  -1870   5468  -1160  -4587  -1570   4302   2200   1356   -104    808    277   2738   4787      0   1001  -8320  -8280  -3778  -2914  -5225  -5559  -7672  -8397 
 -9472  -7844 -10707  -7356  -5981  -8257  -7992  -5099 -10325 -10437  -7781  -2005    160  -1717  -3348  -5718   1447  -1903  -2156  -2468  -2470   -721  -6690  -5542  -1987  -2351  -1815    935  -1692  -1239  -1280    581      8  -1683  -2283  -1415    398  -2190   -418   1001      0  -8104  -9343  -6264  -6314  -6097  -6876  -8706  -5521 
 -9474  -9918  -4871  -7784  -7729  -9595  -8865  -8681  -8686  -8180  -9230 -10256 -10656  -8205  -8434  -8505  -8989  -8633  -9757  -9275  -8557  -6903  -8088  -7747  -8453  -9296  -8750 -10267  -7842  -7878 -10051  -8585  -8980  -8896  -9648  -7480  -7910  -7713  -9235  -8320  -8104      0  -4917  -8523  -7852  -5532  -7139  -8100  -6020 
 -8636  -7611  -6329  -6125  -9423  -9242  -5356  -4815  -8914  -5553 -10970 -10115  -9685  -7017  -8661  -9325  -7273 -10125  -8021  -7449  -8329  -7158  -8631  -7906  -7300  -8620  -8243  -9174  -8603  -7602 -11229  -6904  -8862  -8107 -10123  -5848  -7054  -8255  -8352  -8280  -9343  -4917      0  -9544 -11176  -8015  -9615 -12360 -11162 
 -5643  -6040  -5718  -6916  -6582  -7188  -3526  -5889  -9745  -5584  -5752  -5778  -5333  -5557  -6139  -6453  -1472  -5813  -6804  -6971  -4475  -6456  -4734  -4469  -3935  -3495  -3668  -2032  -4771  -6869  -7261  -5941  -3621  -3296  -4719  -5825  -6063  -3025  -4379  -3778  -6264  -8523  -9544      0  22892  15225   9747  19931  11372 
 -5896  -7571  -5372  -6123  -6669  -7475  -5997  -6711 -10455  -6293  -7446  -5565  -6951  -4342  -3642  -5524  -2050  -3086  -4314  -3500  -2510  -5483  -6514  -6897  -3099  -4341  -4056  -2759  -4816  -7415  -6238  -4641  -4756  -4696  -4071  -5054  -4467   -708  -2939  -2914  -6314  -7852 -11176  22892      0  17900  12334  21437  12810 
 -5287  -7799  -4827  -6164  -5493  -6706  -6438  -6489  -9156  -6567  -6539  -5035  -8703  -5551  -8350  -8483  -3488  -6373  -7109  -5674  -8981  -3840  -2622  -4656  -3473  -5820  -2960  -3055  -7216  -8377  -7193  -4265  -4103  -4876  -6576  -5148  -4155  -3301  -4558  -5225  -6097  -5532  -8015  15225  17900      0   2518  13201  21119 
 -7514  -8558  -7107  -5783  -7957  -6906  -6662  -9034 -10721  -7309  -8682  -7786  -6915  -4222  -5357  -5892  -4879  -4687  -5569  -5268  -3238  -2302  -8452  -6490  -2725  -4429  -5636  -6196  -5485  -7521  -6551  -4373  -4076  -6073  -5622  -3719  -2963   -684  -1515  -5559  -6876  -7139  -9615   9747  12334   2518      0   6978    -82 
 -5126  -8509  -6523  -6630  -7120  -6966  -6269  -6963 -10465  -6550  -6481  -7518  -6378  -8562  -6299  -7617  -6946  -6310  -7732  -8011  -8169  -8592  -6704  -8081  -6503  -7335  -6617  -5338  -6999  -7439  -7774  -7514  -7345  -6356  -7448  -7412  -9001  -3996  -6554  -7672  -8706  -8100 -12360  19931  21437  13201   6978      0  14021 
 -5642  -8423  -5375  -6078  -6867  -7924  -6448  -4788  -9784  -6729  -6586  -7573  -7006  -9549  -7055  -7949  -7271  -6764  -8121  -8397  -9436 -10936  -4641  -9675  -8704  -5717  -8868  -7292  -8403  -8013  -7612  -9391  -9274  -8777  -8406  -8136  -8471  -3467  -5505  -8397  -5521  -6020 -11162  11372  12810  21119    -82  14021      0 
