     0  -1199  -3572  11239  -5312  -5686  -4258  -8682  -5677  -3870  -4568  -8570  -8493  -8043  -7508  -8698  -8721  -6770  -8043  -8198  -8283  -8382  -8419  -7725  -8197  -9051  -9173  -8530  -7320  -6748  -8605  -9364  -9425 -10218  -7730  -5034  -6169  -6484  -6671  -8595  -9472  -8282  -8636  -5643  -5896  -5287  -7514  -5126  -5642 
 -1199      0  -5505   -586  -5214  -4776  -3376  -6995  -6553  -3207  -4220  -7197  -9802  -9447  -9835  -9308  -8975  -6861  -9472  -7636  -8884  -8680  -7873  -8119  -8727  -9033  -7690  -8675  -8396 -10504 -10059  -8894  -8977  -8483  -9794 -10310  -9231  -7589  -8313  -7579  -9278  -9918  -7611  -7051  -7571  -7081  -8558  -7750  -8423 
 -3572  -5505      0  -5496  -2630  -7508     47  -4240  -8404    618  -8067  -9024  -8774  -8503  -7275  -7029  -6920  -7201  -7551  -7611  -6900  -7333  -7899  -8245  -7763  -7865  -9199  -8815  -7132  -7870  -9939 -10206  -8755 -10074  -8943  -7944  -7857  -7941  -7054  -9719 -10707  -4871  -6329  -5718  -5372  -4827  -7107  -6523  -5375 
 11239   -586  -5496      0  -6931  -6238  -5941  -6485  -6304  -4432  -4714  -7258  -9500  -8000  -6720  -9717  -6985  -5767  -6723  -5923  -5149  -6392  -8350  -6336  -9416  -7061  -8167  -7149  -6094  -7435  -7075  -7728  -9206 -10742  -6318  -5972  -6596  -4768  -6180  -7231  -8724  -7784  -5917  -6916  -6123  -6164  -5682  -6630  -6078 
 -5312  -5214  -2630  -6931      0  -5873  -3450  -6558  -7666  -4247  -5014  -7631  -8324  -7683  -8793  -8247  -6709  -6986  -6467  -6470  -7358 -10237  -8301  -7750  -7919  -7095  -9089  -8884  -9113  -9188  -6288  -6959  -7687  -8493  -6961  -7458  -6907  -6709  -6789  -5997  -6868  -7729  -9423  -6582  -6669  -5493  -7957  -7120  -6867 
 -5686  -4776  -7508  -6238  -5873      0  -6334  -2924  -5933  -6841  10929  -7052  -8740  -7279  -8998  -8940  -6305  -9157  -8696  -8887  -7471  -7627  -8234  -7944  -7698  -9347  -9033  -7187  -7925 -10090  -7671  -8008  -6461  -8294  -7662  -9330  -8977  -7097  -6251  -8759  -8257  -9336  -9283  -6674  -7475  -7185  -7205  -6966  -7924 
 -4258  -3376     47  -5941  -3450  -6334      0  -1347  -7048  21014  -4310 -10987  -8809  -7208  -9405 -10255  -8439  -9427  -9817  -8988  -7975 -10578  -8047  -9646  -8827  -8879  -9438  -8708  -9544  -9119  -6543  -7401  -6476  -8060  -6796  -9118  -8871 -10280  -7951 -10890  -9909  -8865  -4962  -5455  -5997  -6438  -6662  -6269  -6448 
 -8682  -6995  -4240  -6485  -6558  -2924  -1347      0  -6699  -1476  -2435  -8741  -6760  -9468  -8663  -6780  -4186  -7619  -8764  -7549  -6855  -7100  -6985  -7003  -6692  -8222  -6650  -6212  -5889  -8138  -6177  -6768  -5469  -5888  -6970  -7771  -9240  -8423  -8324  -7832  -6466  -8681  -4815  -5889  -6651  -6489  -9034  -6963  -5669 
 -5677  -6553  -8404  -6304  -7666  -5933  -7048  -6699      0  -6534  -4910 -11048  -8881 -10252  -9496  -9940 -10140 -10262 -11389 -10175  -9207  -8863  -7328  -4808  -9209  -7885  -8888  -7689  -8371  -8336 -10466  -9128  -8603 -11246 -10740  -9691  -9734  -9469  -8986  -8649 -10325  -8686  -8914  -9745 -10455  -9156 -10721 -10465  -9784 
 -3870  -3207    618  -4432  -4247  -6841  21014  -1476  -6534      0  -5134 -10453  -8453  -8534 -10010  -9562  -8303  -9508 -10136  -9760  -8728  -9990  -8154  -9790  -9677  -9046  -8750  -8646  -8319  -8828  -7661  -6846  -6989  -9194  -7739  -8663  -9131 -10127  -7868 -10769 -10437  -8880  -6062  -5584  -6293  -6567  -7135  -6550  -6729 
 -4568  -4220  -8067  -4714  -5014  10929  -4310  -2435  -4910  -5134      0  -8014  -7730  -9360  -8703  -8835  -6514  -9060  -9873  -9237  -7101  -9761  -6065  -6370  -7132  -8382  -8315  -7564  -8394  -9664  -8844  -6990  -6881  -6766  -7451  -8918  -7552  -6761  -6297  -9206  -6408  -9230 -10970  -5752  -7446  -6088  -9860  -6847  -6586 
 -8570  -7197  -9024  -7258  -7631  -7052 -10987  -8741 -11048 -10453  -8014      0   7024     51   1561   4210   3943   7799   6992   8057   2726   3259  -1591   6360   2171   1249   2491   6187   2665   3818   3736   6413   5189   2576   1364   1998   2393   3340   1590   3278  -2005 -10256 -10627  -7865  -7490  -5552  -7786  -7518  -7573 
 -8493  -9802  -8774  -9500  -8324  -8740  -8809  -6760  -8881  -8453  -7730   7024      0   1379  -2349   -115   2283   -504   -667    329    179   1665  -5225   2788   -146   -391   -765   3433  -2311   1037   2208   6049   2218   -547   -438     31  -1071   3291   3523   -871    160 -10656 -10772  -6214  -6504  -9137  -6915  -6378 -10286 
 -8043  -9447  -8503  -8000  -7683  -7279  -7208  -9468 -10252  -8534  -9360     51   1379      0   -921  -1631   6189   1123   -585   1773  -1680   2700  -1773   2594   3044  -2052   1140   5547  -2091    867   5929   5401   6323   1631   2419   1533   1600   5434   8952   6537  -1717  -8205  -9478  -5146  -5810  -5560  -4222  -6196  -7264 
 -7508  -9835  -7275  -6720  -8793  -8998  -9405  -8663  -9496 -10010  -8703   1561  -2349   -921      0   5108   3934   -126    613   -877  -2781   -210  -4044   1199   4615   4433   5558   4148   5027   2878    632   4319   1959   2510   1033  -1973    372   -156   1208  -1330  -3474  -8434  -8661  -6139  -5365  -5768  -5357  -6299  -8124 
 -8698  -9308  -7029  -9717  -8247  -8940 -10255  -6780  -9940  -9562  -8835   4210   -115  -1631   5108      0   2209   1330   1679   1870    601   -365  -1080   1307   5458   6086   6535   4459   6995   3350    977   5456   4221   4829   2253    -77   1924  -1169  -1676  -3515  -4836  -8505  -9325  -7911  -6406  -6504  -5892  -7617  -8560 
 -8721  -8975  -6920  -6985  -6709  -6305  -8439  -4186 -10140  -8303  -6514   3943   2283   6189   3934   2209      0   7273   6163   7353   3440  10920   2804  10672  10834   5527  11592  14893   7675  10061  10930  13868  14914   8316   7062   9572   9598   6202   5996   7666   -412  -8989  -7273  -2734  -4895  -2033  -3948  -6077  -5212 
 -6770  -6861  -7201  -5767  -6986  -9157  -9427  -7619 -10262  -9508  -9060   7799   -504   1123   -126   1330   7273      0  24147  28351  12335   9832   1294   3625   5295    958   3913   7694   2482   4301   4548   9403   6698   2436   3081   7198   7008   1391    333   1772  -1903  -8633 -10125  -5852  -4003  -3189  -4242  -5392  -4851 
 -8043  -9472  -7551  -6723  -6467  -8696  -9817  -8764 -11389 -10136  -9873   6992   -667   -585    613   1679   6163  24147      0  24740  11589   7612  -1115   3374   4729    942   2191   5867   2028   4244   3303   9033   4190   3101    534   9149   7700   -117   -448   1354  -2156  -9757  -8021  -7742  -5718  -5140  -5569  -7732  -6528 
 -8198  -7636  -7611  -5923  -6470  -8887  -8988  -7549 -10175  -9760  -9237   8057    329   1773   -877   1870   7353  28351  24740      0  11242   9848   1007   3448   4193   1205   4895   7814   1483   3785   3925   9837   6496   3418   1830   8204   6444    566   -680   2452  -2468  -9275  -9129  -6753  -5319  -4322  -5268  -6934  -6375 
 -8283  -8884  -6900  -5149  -7358  -7471  -7975  -6855  -9207  -8728  -7101   2726    179  -1680  -2781    601   3440  12335  11589  11242      0   8905  -4915    110    553  -1981    321   1977   1205   2964   2271   2457    887   -832   -471   4802   8434    -75  -1866   1128   -806  -8557  -8329  -6315  -5609  -4240  -4633  -7527  -6407 
 -8382  -8680  -7333  -6392 -10237  -7627 -10578  -7100  -8863  -9990  -9761   3259   1665   2700   -210   -365  10920   9832   7612   9848   8905      0  -3487   3420   2027  -1720   1258   6147   2706   6952   5065   7522   5743    527    707   8927   5795   3762   5787   4707   -721  -7988  -7769  -7610  -6190  -5243  -2302  -7843  -6775 
 -8419  -7873  -7899  -8350  -8301  -8234  -8047  -6985  -7328  -8154  -6065  -1591  -5225  -1773  -4044  -1080   2804   1294  -1115   1007  -4915  -3487      0   6967   7381   7755   9293   9318   4296   3712    728   5473   4455   7085   3627    610     22  -5855  -6958  -3684  -7738  -8088  -7827  -6280  -7576  -4576  -8972  -6981  -2586 
 -7725  -8119  -8245  -6336  -7750  -7944  -9646  -7003  -4808  -9790  -6370   6360   2788   2594   1199   1307  10672   3625   3374   3448    110   3420   6967      0   8770  13225  10833  17620   7924  13451  12726  10086  12502   9896   5968   4877   2983   3237   1602   4650   -882  -9358  -9356  -6100  -6833  -6839  -6882  -8081  -9675 
 -8197  -8727  -7763  -9416  -7919  -7698  -8827  -6692  -9209  -9677  -7132   2171   -146   3044   4615   5458  10834   5295   4729   4193    553   2027   7381   8770      0  12755  14371  14088   9599   6704   5873  12781  10128  11181  10645   4910   7993   2893   1847   4765  -1987  -8453  -8233  -4398  -4196  -5075  -2725  -6084  -6635 
 -9051  -9033  -7865  -7061  -7095  -9347  -8879  -8222  -7885  -9046  -8382   1249   -391  -2052   4433   6086   5527    958    942   1205  -1981  -1720   7755  13225  12755      0  17277  13745  11240   7168   4744   7005   6198  10412   8389   -249   1509   -609  -3780   -735  -3110  -9296  -8620  -6608  -6774  -5555  -6494  -7335  -8100 
 -9173  -7690  -9199  -8167  -9089  -9033  -9438  -6650  -8888  -8750  -8315   2491   -765   1140   5558   6535  11592   3913   2191   4895    321   1258   9293  10833  14371  17277      0  23291  13133   9944   8025  11805  11112  14646  14755   2585   4463   -962  -2747   1727  -2882 -10197  -9616  -6058  -6699  -5968  -7446  -6478  -7207 
 -8530  -8675  -8815  -7149  -8884  -7187  -8708  -6212  -7689  -8646  -7564   6187   3433   5547   4148   4459  14893   7694   5867   7814   1977   6147   9318  17620  14088  13745  23291      0  10718  16805  15415  18744  18684  10375  10331   8305   6168   2852   2091   6743    935 -10267 -11178  -3372  -5353  -4140  -6196  -5338  -5245 
 -7320  -8396  -7132  -6094  -9113  -7925  -9544  -5889  -8371  -8319  -8394   2665  -2311  -2091   5027   6995   7675   2482   2028   1483   1205   2706   4296   7924   9599  11240  13133  10718      0  13846   7842   6600   8049   9915  10913   1735   3474  -1011  -1401  -1137  -1692  -7842  -8603  -5616  -5997  -6848  -5485  -5688  -8403 
 -6748 -10504  -7870  -7435  -9188 -10090  -9119  -8138  -8336  -8828  -9664   3818   1037    867   2878   3350  10061   4301   4244   3785   2964   6952   3712  13451   6704   7168   9944  16805  13846      0  14880  11354  12652   8041   9405   8035   6358    151   1476    743   2514  -7878  -7602  -6027  -7415  -5000  -7521  -7439  -8013 
 -8605 -10059  -9939  -7075  -6288  -7671  -6543  -6177 -10466  -7661  -8844   3736   2208   5929    632    977  10930   4548   3303   3925   2271   5065    728  12726   5873   4744   8025  15415   7842  14880      0  10708  13785   6165  17311   5330   3004   2817   1837   3119    271 -10051 -11229  -6279  -6972  -5571  -6551  -7774  -7612 
 -9364  -8894 -10206  -7728  -6959  -8008  -7401  -6768  -9128  -6846  -6990   6413   6049   5401   4319   5456  13868   9403   9033   9837   2457   7522   5473  10086  12781   7005  11805  18744   6600  11354  10708      0  22499  10036   8152   7552   6743   2655   4128   6476    581  -9362  -9356  -6573  -6255  -5390  -4373  -6389  -5971 
 -9425  -8977  -8755  -9206  -7687  -6461  -6476  -5469  -8603  -6989  -6881   5189   2218   6323   1959   4221  14914   6698   4190   6496    887   5743   4455  12502  10128   6198  11112  18684   8049  12652  13785  22499      0  14509  10847   5898   4359   5237   4199   5229    999  -8980 -10418  -5499  -5696  -5270  -4076  -6273  -7617 
-10218  -8483 -10074 -10742  -8493  -8294  -8060  -5888 -11246  -9194  -6766   2576   -547   1631   2510   4829   8316   2436   3101   3418   -832    527   7085   9896  11181  10412  14646  10375   9915   8041   6165  10036  14509      0  15267    671   2273   2439    216   1808  -1683  -8896  -9840  -5604  -6046  -5922  -6073  -6356  -8280 
 -7730  -9794  -8943  -6318  -6961  -7662  -6796  -6970 -10740  -7739  -7451   1364   -438   2419   1033   2253   7062   3081    534   1830   -471    707   3627   5968  10645   8389  14755  10331  10913   9405  17311   8152  10847  15267      0    785   2061    951   -809     75  -2283  -9648 -10123  -4719  -4554  -6376  -5622  -4355  -6781 
 -5034 -10310  -7944  -5972  -7458  -9330  -9118  -7771  -9691  -8663  -8918   1998     31   1533  -1973    -77   9572   7198   9149   8204   4802   8927    610   4877   4910   -249   2585   8305   1735   8035   5330   7552   5898    671    785      0  21592   2867   2943   3684  -1415  -8320  -8380  -4890  -6871  -3920  -3719  -6630  -5002 
 -6169  -9231  -7857  -6596  -6907  -8977  -8871  -9240  -9734  -9131  -7552   2393  -1071   1600    372   1924   9598   7008   7700   6444   8434   5795     22   2983   7993   1509   4463   6168   3474   6358   3004   6743   4359   2273   2061  21592      0   3844   1716   2218    398  -7910  -8942  -5351  -6376  -4410  -2963  -8108  -6116 
 -6484  -7589  -7941  -4768  -6709  -7097 -10280  -8423  -9469 -10127  -6761   3340   3291   5434   -156  -1169   6202   1391   -117    566    -75   3762  -5855   3237   2893   -609   -962   2852  -1011    151   2817   2655   5237   2439    951   2867   3844      0  15395   3042  -2190  -7713  -8845  -4193  -2199  -3377   -684  -3055  -5118 
 -6671  -8313  -7054  -6180  -6789  -6251  -7951  -8324  -8986  -7868  -6297   1590   3523   8952   1208  -1676   5996    333   -448   -680  -1866   5787  -6958   1602   1847  -3780  -2747   2091  -1401   1476   1837   4128   4199    216   -809   2943   1716  15395      0   7170   -418  -9235  -8352  -4605  -4631  -4888  -1899  -6052  -7918 
 -8595  -7579  -9719  -7231  -5997  -8759 -10890  -7832  -8649 -10769  -9206   3278   -871   6537  -1330  -3515   7666   1772   1354   2452   1128   4707  -3684   4650   4765   -735   1727   6743  -1137    743   3119   6476   5229   1808     75   3684   2218   3042   7170      0   -658  -8320  -9332  -5768  -5331  -5245  -3041  -7261  -8419 
 -9472  -9278 -10707  -8724  -6868  -8257  -9909  -6466 -10325 -10437  -6408  -2005    160  -1717  -3474  -4836   -412  -1903  -2156  -2468   -806   -721  -7738   -882  -1987  -3110  -2882    935  -1692   2514    271    581    999  -1683  -2283  -1415    398  -2190   -418   -658      0  -8104  -9343  -9253  -6989  -8947  -7908  -8706 -10395 
 -8282  -9918  -4871  -7784  -7729  -9336  -8865  -8681  -8686  -8880  -9230 -10256 -10656  -8205  -8434  -8505  -8989  -8633  -9757  -9275  -8557  -7988  -8088  -9358  -8453  -9296 -10197 -10267  -7842  -7878 -10051  -9362  -8980  -8896  -9648  -8320  -7910  -7713  -9235  -8320  -8104      0  -1852  -8523  -7852  -5532  -7139  -9188  -6020 
 -8636  -7611  -6329  -5917  -9423  -9283  -4962  -4815  -8914  -6062 -10970 -10627 -10772  -9478  -8661  -9325  -7273 -10125  -8021  -9129  -8329  -7769  -7827  -9356  -8233  -8620  -9616 -11178  -8603  -7602 -11229  -9356 -10418  -9840 -10123  -8380  -8942  -8845  -8352  -9332  -9343  -1852      0 -11703 -12437  -8455  -9679 -12360  -9221 
 -5643  -7051  -5718  -6916  -6582  -6674  -5455  -5889  -9745  -5584  -5752  -7865  -6214  -5146  -6139  -7911  -2734  -5852  -7742  -6753  -6315  -7610  -6280  -6100  -4398  -6608  -6058  -3372  -5616  -6027  -6279  -6573  -5499  -5604  -4719  -4890  -5351  -4193  -4605  -5768  -9253  -8523 -11703      0  21185  16142   8847  22358  13162 
 -5896  -7571  -5372  -6123  -6669  -7475  -5997  -6651 -10455  -6293  -7446  -7490  -6504  -5810  -5365  -6406  -4895  -4003  -5718  -5319  -5609  -6190  -7576  -6833  -4196  -6774  -6699  -5353  -5997  -7415  -6972  -6255  -5696  -6046  -4554  -6871  -6376  -2199  -4631  -5331  -6989  -7852 -12437  21185      0  16979  10615  23362  14877 
 -5287  -7081  -4827  -6164  -5493  -7185  -6438  -6489  -9156  -6567  -6088  -5552  -9137  -5560  -5768  -6504  -2033  -3189  -5140  -4322  -4240  -5243  -4576  -6839  -5075  -5555  -5968  -4140  -6848  -5000  -5571  -5390  -5270  -5922  -6376  -3920  -4410  -3377  -4888  -5245  -8947  -5532  -8455  16142  16979      0   1690  15126  23179 
 -7514  -8558  -7107  -5682  -7957  -7205  -6662  -9034 -10721  -7135  -9860  -7786  -6915  -4222  -5357  -5892  -3948  -4242  -5569  -5268  -4633  -2302  -8972  -6882  -2725  -6494  -7446  -6196  -5485  -7521  -6551  -4373  -4076  -6073  -5622  -3719  -2963   -684  -1899  -3041  -7908  -7139  -9679   8847  10615   1690      0   9849   2623 
 -5126  -7750  -6523  -6630  -7120  -6966  -6269  -6963 -10465  -6550  -6847  -7518  -6378  -6196  -6299  -7617  -6077  -5392  -7732  -6934  -7527  -7843  -6981  -8081  -6084  -7335  -6478  -5338  -5688  -7439  -7774  -6389  -6273  -6356  -4355  -6630  -8108  -3055  -6052  -7261  -8706  -9188 -12360  22358  23362  15126   9849      0  15946 
 -5642  -8423  -5375  -6078  -6867  -7924  -6448  -5669  -9784  -6729  -6586  -7573 -10286  -7264  -8124  -8560  -5212  -4851  -6528  -6375  -6407  -6775  -2586  -9675  -6635  -8100  -7207  -5245  -8403  -8013  -7612  -5971  -7617  -8280  -6781  -5002  -6116  -5118  -7918  -8419 -10395  -6020  -9221  13162  14877  23179   2623  15946      0 
