     0   7450  -6254  19986  -5031  -6909  -6921  -8399  -7591  -6911  -4522 -11457 -11899 -12509 -11293 -12932 -12799 -10918 -12133 -11670 -10942 -10987 -12861 -11981 -12987 -12295 -12637 -11700 -12093 -11775 -10853 -13020 -13612 -13237 -13482 -11437  -8429 -10071 -10864 -11920 -13282 -12107 -13525 -12154 -13399 -12213 -11681 -12657 -13728 -12601 -12885 
  7450      0  -6609   6835  -5465  -6994  -2624  -6869  -8898  -3745  -4458 -11034 -13854 -13269 -13991 -11408 -12300 -12557 -12696 -11238 -12816 -13063 -14021 -12864 -12482 -13288 -10789 -11572  -9960 -12640 -10302 -11364 -14261 -10943 -12965 -12747 -12740 -12957 -12259 -14145 -13823 -12923  -9210 -13038 -10173 -12188 -12394 -12175 -14986 -13609 -13578 
 -6254  -6609      0  -6616  -2828  -9327   8259   -225 -11102   8065  -9615 -12833 -12369 -11230 -10827 -11848 -10713 -10072 -10714 -10813 -12175 -10102 -12298  -9649 -11322  -8792 -10530 -10753 -11701 -12012 -11087 -10641 -12543 -12312 -10211  -9706  -8497  -9759 -11441 -11363 -11860 -10988 -13641  -7901  -9928  -9576 -10187 -11020 -10987 -11235 -10529 
 19986   6835  -6616      0  -7622  -7146  -6585  -8234  -6870  -6178  -5295 -10957 -12084 -11305 -10043 -11386 -12227 -12073 -12967 -12413 -11810 -11030 -12110 -10011 -13283  -9880 -11846 -11664 -10761 -13086 -10336 -12892 -11204 -13803 -13806  -9390 -12287 -12206  -8465 -10383 -11181 -11665 -11048 -10041 -10068 -11550 -12281 -12030 -11739 -11336 -11277 
 -5031  -5465  -2828  -7622      0  -7843  -3949  -6454  -8681  -4456  -5681  -9942 -11043 -11439 -12682 -10082 -10449 -13162 -11760 -11496 -12919 -11761 -11877 -12164 -11726 -11296 -12186 -12619 -12935 -11570 -10608 -10367 -11508 -10446 -10318 -11966 -11005 -12980  -9824 -10959  -8239 -13888 -11577 -12064 -14652 -11890 -12432 -11624 -13085 -12544 -12422 
 -6909  -6994  -9327  -7146  -7843      0  -7012  -4556  -6778  -7619  18266  -9343 -12197  -8219 -12452 -10283  -6608 -10340  -9444  -9580  -8585 -10817 -11615 -10315  -8529 -11622  -9525  -9148 -11204 -12170  -9698  -8857 -12256  -9200 -10369  -9923 -11138 -11061  -7789  -9011  -9516 -11492 -10539 -11769 -10747 -11849 -10431 -10088 -12712 -12117 -12176 
 -6921  -2624   8259  -6585  -3949  -7012      0   4669  -8422  33338  -7097 -11696 -10321  -9355 -11644 -12023 -11513 -11576 -11188 -12346 -11504 -12244 -11530 -12207 -12759 -10180 -11943 -12750 -12780 -13066 -10062 -10608  -9671  -9524 -10771  -9842 -10439 -11680 -11528 -11008 -14539 -10574  -7184 -12279  -7761 -11267 -10725 -11631 -11033 -11318 -10927 
 -8399  -6869   -225  -8234  -6454  -4556   4669      0  -6924   3798  -2639 -12286 -12864 -11826 -12330  -8538  -9855 -11280 -11476  -8606 -11567 -11438 -10988  -9765  -9542  -9618 -11580 -11618 -11972 -12332 -11222 -10517 -12601  -8888  -9086 -11904 -10913 -13310 -12078 -11025 -10366 -10686 -10088  -9546  -8610 -11245 -11937 -11790 -15183 -11336 -11263 
 -7591  -8898 -11102  -6870  -8681  -6778  -8422  -6924      0  -7988  -2866 -11567 -12506 -11854 -13013 -13163 -12087 -12779 -15035 -10869 -11403 -12735 -10342  -9069 -13038 -11440 -11028 -10995 -13037 -11730 -11894 -12101 -13157 -11433 -12546 -12583 -12306 -13216 -13661 -13964 -12411 -12672 -11606 -12795 -11070 -14409 -15314 -14880 -14321 -15977 -15959 
 -6911  -3745   8065  -6178  -4456  -7619  33338   3798  -7988      0  -7236 -12783 -10448 -12134 -15010 -11064 -10753 -12924 -11964 -13572 -12215 -12647 -12133 -11438 -13103 -12911 -11847 -12444 -10969 -12245 -11584 -10494 -10927 -10223 -12134 -12084 -10679 -12008 -12243 -10233 -14419  -9949 -11584 -11650  -8089 -11441 -12004 -11834 -11382 -12032 -11319 
 -4522  -4458  -9615  -5295  -5681  18266  -7097  -2639  -2866  -7236      0  -9930 -13415 -12769 -12495  -9042  -9040 -11618 -12573 -11317  -9967 -11954  -9690 -10577 -12487 -11257 -11635 -11928 -11318 -12435 -11185 -10853 -10379  -9645 -10959  -9601 -13206 -12093 -11897 -10432 -12179 -12862 -12551 -10751 -13553 -10713 -11576 -10784 -13436 -12518 -11587 
-11457 -11034 -12833 -10957  -9942  -9343 -11696 -12286 -11567 -12783  -9930      0   7330   -351     66   4061    885   6385   5248   6623   3141    706   6528   3585   5465   4760   6647   5074   3541   1888   1647   4964  -8434   4325   3516   2979   2697   3810   2450    762   1130 -11689  -6716 -13982 -12895  -7888  -9148  -9767  -8588  -9460  -9433 
-11899 -13854 -12369 -12084 -11043 -12197 -10321 -12864 -12506 -10448 -13415   7330      0   -364   -418   1086  -1893  -3447  -3807  -2910  -1539   -414   2098   -173   3459     42   1016    278   -757  -3467  -1218   2487 -10554   1464   2123   1359  -2325  -2268   2989   2692  -3871 -11097  -7588 -10243  -8740  -9665  -9646  -9161  -8686  -9990 -10695 
-12509 -13269 -11230 -11305 -11439  -8219  -9355 -11826 -11854 -12134 -12769   -351   -364      0    161  -1149   3320  -2988  -3741   -173  -4669   -847   3521  -1673   1865  -1301   1052    578  -4111  -6345    796   1075  -7572   2474   1457   1267   -795   -132   8382   6517   1521 -12585  -5153  -7876  -7106  -5625  -6194  -6401  -5559  -5472  -5383 
-11293 -13991 -10827 -10043 -12682 -12452 -11644 -12330 -13013 -15010 -12495     66   -418    161      0   3619    977  -2544  -3567  -3218  -4795  -2738    724   2128    389   2125   1071   1094   -163   -533  -1876   2962  -7417   -927    419  -3592  -3274  -2630  -2452  -2832  -3314 -11368  -3961 -10688 -12676  -8911  -9531  -9236  -8699  -8899  -8121 
-12932 -11408 -11848 -11386 -10082 -10283 -12023  -8538 -13163 -11064  -9042   4061   1086  -1149   3619      0    793  -1968  -2289    -36  -2266  -1458   4299   2806   2579   3778   2285   1552   1868   -483   -463   3069  -6880   1301   2456  -1515  -1378     95  -2688  -2788  -5659 -11503  -6464 -11749 -13163  -7553  -8687  -9179  -7967  -8430  -8111 
-12799 -12300 -10713 -12227 -10449  -6608 -11513  -9855 -12087 -10753  -9040    885  -1893   3320    977    793      0   3139   2717   4242   1871   6430   8676   6969  12671   9692  14625  12885   8764   5583   9393  10987  -3318  11471  12487  10418   5258   6354   3445   2431   -865 -11099  -5592  -6440  -6664  -2256  -4026  -3191  -2890  -3934  -5117 
-10918 -12557 -10072 -12073 -13162 -10340 -11576 -11280 -12779 -12924 -11618   6385  -3447  -2988  -2544  -1968   3139      0  31510  34792  23224   5386   6596    450   6843    546   3847   2967   -876   4145   2647   5352  -8856   5697   1861   3368   6761   8000  -1342  -3719  -3948 -11612  -9477  -9091  -9955  -4806  -5952  -5913  -5337  -5507  -4976 
-12133 -12696 -10714 -12967 -11760  -9444 -11188 -11476 -15035 -11964 -12573   5248  -3807  -3741  -3567  -2289   2717  31510      0  31871  23554   4481   5588     81   6554    340   2569   2494    566   4086   1842   4767  -9667   2317   2575   -555   6919   7140  -2204  -4283  -3685 -10877  -8817 -12019  -9721  -6486  -7100  -7206  -6837  -7544  -6819 
-11670 -11238 -10813 -12413 -11496  -9580 -12346  -8606 -10869 -13572 -11317   6623  -2910   -173  -3218    -36   4242  34792  31871      0  24089   5931   5761   -407   5982   1835   2774   2217  -1592   3591   1369   5204  -8516   4758   3746   1591   5810   7461  -3275  -2855  -4507 -10780 -10038  -9878 -10750  -5625  -5745  -7157  -5372  -6553  -5869 
-10942 -12816 -12175 -11810 -12919  -8585 -11504 -11567 -11403 -12215  -9967   3141  -1539  -4669  -4795  -2266   1871  23224  23554  24089      0   7463   1729  -2253   3282   -672    323    526  -2772   3537   1960   2173  -8709   2664    536   1057   4348   5360  -3130  -4530  -3397 -11956  -8348  -9500  -8684  -5900  -6147  -6653  -3845  -7895  -6391 
-10987 -13063 -10102 -11030 -11761 -10817 -12244 -11438 -12735 -12647 -11954    706   -414   -847  -2738  -1458   6430   5386   4481   5931   7463      0   4655   2367   4976   2744   4712   5083   2173   1479   4145   6735  -9866   5499   4195   5012  10093  10500   4107   3145   2394 -11597  -5882  -5596  -7663  -5893  -5393  -5190  -2121  -7526  -7641 
-12861 -14021 -12298 -12110 -11877 -11615 -11530 -10988 -10342 -12133  -9690   6528   2098   3521    724   4299   8676   6596   5588   5761   1729   4655      0  21282  20787  22854  20372  19128  11692  10927  10303  14406  -3829  15828  17287  14253   6742   6678   1496  -2186    214 -10154  -6340  -9058  -9458  -4352  -4396  -5184  -5074  -4674  -3836 
-11981 -12864  -9649 -10011 -12164 -10315 -12207  -9765  -9069 -11438 -10577   3585   -173  -1673   2128   2806   6969    450     81   -407  -2253   2367  21282      0  17232  24175  16146  16322   7834   8923  11728  11157  -1401  13054  15877  11098   3521   2939    635  -2255   1403 -11451  -6263 -11406 -11084  -8762  -8823  -9188  -9561  -9985  -9788 
-12987 -12482 -11322 -13283 -11726  -8529 -12759  -9542 -13038 -13103 -12487   5465   3459   1865    389   2579  12671   6843   6554   5982   3282   4976  20787  17232      0  17710  19579  18700  10378  10290  14066  18435  -2399  17061  17520  16749   8736  10736    767   1690   2752  -9273  -8354  -6647  -5588  -3581  -5597  -6017  -6637  -7390  -6694 
-12295 -13288  -8792  -9880 -11296 -11622 -10180  -9618 -11440 -12911 -11257   4760     42  -1301   2125   3778   9692    546    340   1835   -672   2744  22854  24175  17710      0  22804  22000   9541   8282   9937  13393  -3869  12920  15413  10916    512   1339  -1841  -2976  -1696 -10385  -6627 -12288 -11672  -8929  -7865  -8066  -6675  -9784  -9395 
-12637 -10789 -10530 -11846 -12186  -9525 -11943 -11580 -11028 -11847 -11635   6647   1016   1052   1071   2285  14625   3847   2569   2774    323   4712  20372  16146  19579  22804      0  37384  14559  12444  15376  19901  -2826  19547  16640  19370   5382   4821   -345  -3908    427 -13035  -7639 -10427 -10649  -5476  -7152  -7223  -8234  -8063  -6558 
-11700 -11572 -10753 -11664 -12619  -9148 -12750 -11618 -10995 -12444 -11928   5074    278    578   1094   1552  12885   2967   2494   2217    526   5083  19128  16322  18700  22000  37384      0  13685  13710  17794  18935  -3014  21716  17326  21065   6254   5347   1069  -3192    325 -12538  -7738  -8870 -10977  -3673  -4816  -4751  -6242  -6062  -4149 
-12093  -9960 -11701 -10761 -12935 -11204 -12780 -11972 -13037 -10969 -11318   3541   -757  -4111   -163   1868   8764   -876    566  -1592  -2772   2173  11692   7834  10378   9541  14559  13685      0  20164   9429  10286  -2465  13085  10939  12166   2607   3118  -2096  -1963  -3865 -11844  -6938 -11043 -11604  -7433  -9373  -9421  -9475  -9356  -9579 
-11775 -12640 -12012 -13086 -11570 -12170 -13066 -12332 -11730 -12245 -12435   1888  -3467  -6345   -533   -483   5583   4145   4086   3591   3537   1479  10927   8923  10290   8282  12444  13710  20164      0  11418  10355  -1987  11738  10244  10808   3524   3465  -2533  -5341  -4557 -11154  -6647 -10790  -9550  -7266  -8548  -8631  -9852 -11226 -10534 
-10853 -10302 -11087 -10336 -10608  -9698 -10062 -11222 -11894 -11584 -11185   1647  -1218    796  -1876   -463   9393   2647   1842   1369   1960   4145  10303  11728  14066   9937  15376  17794   9429  11418      0  11984   8424  15445  16255  31521   2687   3250   1059  -1917  -2056 -12061  -6500 -13669 -13031  -6559  -8671  -9206  -7045  -9601  -9056 
-13020 -11364 -10641 -12892 -10367  -8857 -10608 -10517 -12101 -10494 -10853   4964   2487   1075   2962   3069  10987   5352   4767   5204   2173   6735  14406  11157  18435  13393  19901  18935  10286  10355  11984      0  -3639  27797  17051  15263   6307   8237   2460    601    571 -10407  -7876  -7653  -6114  -6287  -6296  -6799  -5452  -5855  -4078 
-13612 -14261 -12543 -11204 -11508 -12256  -9671 -12601 -13157 -10927 -10379  -8434 -10554  -7572  -7417  -6880  -3318  -8856  -9667  -8516  -8709  -9866  -3829  -1401  -2399  -3869  -2826  -3014  -2465  -1987   8424  -3639      0  -1601  -3946   6191  -5034  -3761  -8884 -11155  -8654  -4340 -10652 -11021 -13711 -12261 -10886 -11179  -9672 -10786 -10516 
-13237 -10943 -12312 -13803 -10446  -9200  -9524  -8888 -11433 -10223  -9645   4325   1464   2474   -927   1301  11471   5697   2317   4758   2664   5499  15828  13054  17061  12920  19547  21716  13085  11738  15445  27797  -1601      0  21964  19855   4863   5008   2036     -9   -212 -11587  -6305  -9225 -10157  -5549  -6507  -6098  -6310  -6831  -6552 
-13482 -12965 -10211 -13806 -10318 -10369 -10771  -9086 -12546 -12134 -10959   3516   2123   1457    419   2456  12487   1861   2575   3746    536   4195  17287  15877  17520  15413  16640  17326  10939  10244  16255  17051  -3946  21964      0  20422   1470   1059    538  -1281   1838 -11773  -6361 -11600  -9459  -4864  -6463  -6955  -7842  -7236  -7226 
-11437 -12747  -9706  -9390 -11966  -9923  -9842 -11904 -12583 -12084  -9601   2979   1359   1267  -3592  -1515  10418   3368   -555   1591   1057   5012  14253  11098  16749  10916  19370  21065  12166  10808  31521  15263   6191  19855  20422      0   2589   3587   1790  -2252  -1206 -11823  -5790  -9315 -10335  -5551  -6602  -7446  -6404  -6657  -7343 
 -8429 -12740  -8497 -12287 -11005 -11138 -10439 -10913 -12306 -10679 -13206   2697  -2325   -795  -3274  -1378   5258   6761   6919   5810   4348  10093   6742   3521   8736    512   5382   6254   2607   3524   2687   6307  -5034   4863   1470   2589      0  35794   2492   -816    203  -9587  -4986  -4620  -7884  -5420  -6491  -7352  -6229  -8322  -7163 
-10071 -12957  -9759 -12206 -12980 -11061 -11680 -13310 -13216 -12008 -12093   3810  -2268   -132  -2630     95   6354   8000   7140   7461   5360  10500   6678   2939  10736   1339   4821   5347   3118   3465   3250   8237  -3761   5008   1059   3587  35794      0   3046   -413    506  -8396  -4454  -5086  -7799  -5734  -7114  -7846  -5879  -8875  -7515 
-10864 -12259 -11441  -8465  -9824  -7789 -11528 -12078 -13661 -12243 -11897   2450   2989   8382  -2452  -2688   3445  -1342  -2204  -3275  -3130   4107   1496    635    767  -1841   -345   1069  -2096  -2533   1059   2460  -8884   2036    538   1790   2492   3046      0  27349   3917 -12047  -7850  -6207  -8240  -3792  -3566  -5159  -3403  -4654  -5227 
-11920 -14145 -11363 -10383 -10959  -9011 -11008 -11025 -13964 -10233 -10432    762   2692   6517  -2832  -2788   2431  -3719  -4283  -2855  -4530   3145  -2186  -2255   1690  -2976  -3908  -3192  -1963  -5341  -1917    601 -11155     -9  -1281  -2252   -816   -413  27349      0   2254 -12995  -4804  -6331 -10494  -4215  -4991  -5663  -5260  -5951  -5896 
-13282 -13823 -11860 -11181  -8239  -9516 -14539 -10366 -12411 -14419 -12179   1130  -3871   1521  -3314  -5659   -865  -3948  -3685  -4507  -3397   2394    214   1403   2752  -1696    427    325  -3865  -4557  -2056    571  -8654   -212   1838  -1206    203    506   3917   2254      0 -12904  -3542  -7351  -7395  -6150  -4394  -4588  -5906  -7021  -7022 
-12107 -12923 -10988 -11665 -13888 -11492 -10574 -10686 -12672  -9949 -12862 -11689 -11097 -12585 -11368 -11503 -11099 -11612 -10877 -10780 -11956 -11597 -10154 -11451  -9273 -10385 -13035 -12538 -11844 -11154 -12061 -10407  -4340 -11587 -11773 -11823  -9587  -8396 -12047 -12995 -12904      0  -2868  -9778 -11322 -14320 -13473 -13654 -11811 -13313 -13075 
-13525  -9210 -13641 -11048 -11577 -10539  -7184 -10088 -11606 -11584 -12551  -6716  -7588  -5153  -3961  -6464  -5592  -9477  -8817 -10038  -8348  -5882  -6340  -6263  -8354  -6627  -7639  -7738  -6938  -6647  -6500  -7876 -10652  -6305  -6361  -5790  -4986  -4454  -7850  -4804  -3542  -2868      0  -8756  -7199 -12255  -9880 -10147 -10720 -10220 -10127 
-12154 -13038  -7901 -10041 -12064 -11769 -12279  -9546 -12795 -11650 -10751 -13982 -10243  -7876 -10688 -11749  -6440  -9091 -12019  -9878  -9500  -5596  -9058 -11406  -6647 -12288 -10427  -8870 -11043 -10790 -13669  -7653 -11021  -9225 -11600  -9315  -4620  -5086  -6207  -6331  -7351  -9778  -8756      0    854  -6865  -6461  -6798  -3763  -6757  -5956 
-13399 -10173  -9928 -10068 -14652 -10747  -7761  -8610 -11070  -8089 -13553 -12895  -8740  -7106 -12676 -13163  -6664  -9955  -9721 -10750  -8684  -7663  -9458 -11084  -5588 -11672 -10649 -10977 -11604  -9550 -13031  -6114 -13711 -10157  -9459 -10335  -7884  -7799  -8240 -10494  -7395 -11322  -7199    854      0  -4867  -5982  -6259  -4125  -5436  -6085 
-12213 -12188  -9576 -11550 -11890 -11849 -11267 -11245 -14409 -11441 -10713  -7888  -9665  -5625  -8911  -7553  -2256  -4806  -6486  -5625  -5900  -5893  -4352  -8762  -3581  -8929  -5476  -3673  -7433  -7266  -6559  -6287 -12261  -5549  -4864  -5551  -5420  -5734  -3792  -4215  -6150 -14320 -12255  -6865  -4867      0  33851  36160  18918  36866  34938 
-11681 -12394 -10187 -12281 -12432 -10431 -10725 -11937 -15314 -12004 -11576  -9148  -9646  -6194  -9531  -8687  -4026  -5952  -7100  -5745  -6147  -5393  -4396  -8823  -5597  -7865  -7152  -4816  -9373  -8548  -8671  -6296 -10886  -6507  -6463  -6602  -6491  -7114  -3566  -4991  -4394 -13473  -9880  -6461  -5982  33851      0  36140  22026  37653  35220 
-12657 -12175 -11020 -12030 -11624 -10088 -11631 -11790 -14880 -11834 -10784  -9767  -9161  -6401  -9236  -9179  -3191  -5913  -7206  -7157  -6653  -5190  -5184  -9188  -6017  -8066  -7223  -4751  -9421  -8631  -9206  -6799 -11179  -6098  -6955  -7446  -7352  -7846  -5159  -5663  -4588 -13654 -10147  -6798  -6259  36160  36140      0  18599  36514  35564 
-13728 -14986 -10987 -11739 -13085 -12712 -11033 -15183 -14321 -11382 -13436  -8588  -8686  -5559  -8699  -7967  -2890  -5337  -6837  -5372  -3845  -2121  -5074  -9561  -6637  -6675  -8234  -6242  -9475  -9852  -7045  -5452  -9672  -6310  -7842  -6404  -6229  -5879  -3403  -5260  -5906 -11811 -10720  -3763  -4125  18918  22026  18599      0  20818  21405 
-12601 -13609 -11235 -11336 -12544 -12117 -11318 -11336 -15977 -12032 -12518  -9460  -9990  -5472  -8899  -8430  -3934  -5507  -7544  -6553  -7895  -7526  -4674  -9985  -7390  -9784  -8063  -6062  -9356 -11226  -9601  -5855 -10786  -6831  -7236  -6657  -8322  -8875  -4654  -5951  -7021 -13313 -10220  -6757  -5436  36866  37653  36514  20818      0  39887 
-12885 -13578 -10529 -11277 -12422 -12176 -10927 -11263 -15959 -11319 -11587  -9433 -10695  -5383  -8121  -8111  -5117  -4976  -6819  -5869  -6391  -7641  -3836  -9788  -6694  -9395  -6558  -4149  -9579 -10534  -9056  -4078 -10516  -6552  -7226  -7343  -7163  -7515  -5227  -5896  -7022 -13075 -10127  -5956  -6085  34938  35220  35564  21405  39887      0 
