     0  12716  10242  13842   5286  15208  20924  18610  31812  22088  34626  32564  21546  14560  24876  27532  -9128  27960  29040  25412  14204  16396   5006    874  -1420 
 12716      0  70912  79098  50372  14430  12026    676  14166   1442  13102  11908  -1248   8870   5220  13936 -20688  12324   3402   8286  16748  18166 -12218 -14728 -11616 
 10242  70912      0  71634  50100  11628  10742   -882  14842   1060  10378  10504   2610   8628   2852  13736 -22916   7358   4994    -80  16510  16810 -11980 -14166 -11398 
 13842  79098  71634      0  53538  14724  10874  -1054  14754   4002  11334  11230   -488   6154   3740  14678 -19896  12098   7404   5166  12646  14948 -12746 -12026 -11742 
  5286  50372  50100  53538      0  21798  -1098  -6424   6924  -3532   -336   1342  -5498   5066   1812   4334 -19076   4372    376   -180   8718   9742 -13664 -14378 -10190 
 15208  14430  11628  14724  21798      0   8512   4556   9660   3782   7472   8830   2520    948   4354  13228 -23238   9762   9614   5332  23474  25098   4136   1894   4092 
 20924  12026  10742  10874  -1098   8512      0  49160  47890  54394  48866  45674  18904  19402  22348  33764 -10658  35420  44772  32602  14158  14796   3452  -4740   1528 
 18610    676   -882  -1054  -6424   4556  49160      0  39336  55346  36818  37408  15306  14706  29514  23936  -7102  28616  37506  23694   9752   9118   5014  -1880   6662 
 31812  14166  14842  14754   6924   9660  47890  39336      0  40120  46858  47100  22714  21482  31268  48340  -9724  40058  42930  39042  22560  25868   1362   1734   5858 
 22088   1442   1060   4002  -3532   3782  54394  55346  40120      0  51798  50466  17274  12094  22716  29632 -11042  27472  37828  25882   3388   5778  -1314  -4284   -728 
 34626  13102  10378  11334   -336   7472  48866  36818  46858  51798      0  87586  30290  25806  36278  48126  -7250  46130  39952  46138  10952   9166   -894  -8726   -598 
 32564  11908  10504  11230   1342   8830  45674  37408  47100  50466  87586      0  29122  29962  41296  48000  -7666  52506  42434  49076  12912  11444  -1546  -8756    936 
 21546  -1248   2610   -488  -5498   2520  18904  15306  22714  17274  30290  29122      0  42550  18944  21362 -10264  26922  18466  24934   2060   3492  -8458  -8692 -10740 
 14560   8870   8628   6154   5066    948  19402  14706  21482  12094  25806  29962  42550      0  23958  22082  -7692  26138  18354  22136   7654   7536 -10814 -15644 -14176 
 24876   5220   2852   3740   1812   4354  22348  29514  31268  22716  36278  41296  18944  23958      0  26870  16626  35660  34962  69450   8302   7650   4920  -2234  -6410 
 27532  13936  13736  14678   4334  13228  33764  23936  48340  29632  48126  48000  21362  22082  26870      0  -9636  63382  42084  36556  14336  16780   1002  -1698     18 
 -9128 -20688 -22916 -19896 -19076 -23238 -10658  -7102  -9724 -11042  -7250  -7666 -10264  -7692  16626  -9636      0  -9438 -12726  11986 -12590  -9922 -20340 -24288 -25508 
 27960  12324   7358  12098   4372   9762  35420  28616  40058  27472  46130  52506  26922  26138  35660  63382  -9438      0  51078  45682   8618   9790    580  -4588   -786 
 29040   3402   4994   7404    376   9614  44772  37506  42930  37828  39952  42434  18466  18354  34962  42084 -12726  51078      0  47446   6888   6338    544  -3040   4726 
 25412   8286    -80   5166   -180   5332  32602  23694  39042  25882  46138  49076  24934  22136  69450  36556  11986  45682  47446      0   6194   8164   2530  -6618  -6054 
 14204  16748  16510  12646   8718  23474  14158   9752  22560   3388  10952  12912   2060   7654   8302  14336 -12590   8618   6888   6194      0  84666   5620  -1764  -3298 
 16396  18166  16810  14948   9742  25098  14796   9118  25868   5778   9166  11444   3492   7536   7650  16780  -9922   9790   6338   8164  84666      0   8224     98  -2050 
  5006 -12218 -11980 -12746 -13664   4136   3452   5014   1362  -1314   -894  -1546  -8458 -10814   4920   1002 -20340    580    544   2530   5620   8224      0  70288   7616 
   874 -14728 -14166 -12026 -14378   1894  -4740  -1880   1734  -4284  -8726  -8756  -8692 -15644  -2234  -1698 -24288  -4588  -3040  -6618  -1764     98  70288      0   6090 
 -1420 -11616 -11398 -11742 -10190   4092   1528   6662   5858   -728   -598    936 -10740 -14176  -6410     18 -25508   -786   4726  -6054  -3298  -2050   7616   6090      0 
