     0   9214   7166  10766   2512  12648  16624  13500  27444  16814  28458  26358  16798  10710  19956  22180  -3602  24198  22526  20462  10034  13348   2454  -2478    384  -5032 -10174  -2042   1940  -3200 
  9214      0  57184  65370  40222  11242   6522  -3870   8558  -3328  10244   9600  -1984   5340   2066  12646 -15720   9262    920   5050  11998  13528 -13196 -15236  -9832   6998 -19306 -16958 -10374 -10798 
  7166  57184      0  57326  39936   7860   4912  -4908   9876  -3190   8040   8716   1480   4704   -362  12440 -18816   4416   2030  -2796  12214  12208 -14628 -15158  -9728   3844 -21482 -19796 -11860 -12350 
 10766  65370  57326      0  43374  10956   5044  -5080   9086   -248   8996   9442  -1618   2230    526  13382 -15796   9556   4440   2450   8350  10346 -13224 -14406 -10072   6212 -16586 -12510 -12206 -10036 
  2512  40222  39936  43374      0  17660  -7728 -10762   2124  -8674  -3566  -1918  -5950   2110  -3022   1186 -14124   1226  -2670  -3788   5174   6472 -16966 -16794  -7608  -2620 -16380 -11640 -20324 -15190 
 12648  11242   7860  10956  17660      0   3096   -166   4730  -3142   5644   7230  -1332   -436    162  11484 -19128   6472   5972   1742  16906  18448   1248    656   3540  -2722 -13150  -7944  -7838  -8754 
 16624   6522   4912   5044  -7728   3096      0  41026  38050  45144  38372  35790  13264  13450  13314  26442  -7902  25018  36528  22482  10126  11580   2942  -5758   2272   9700  -1126   3240   1060   6378 
 13500  -3870  -4908  -5080 -10762   -166  41026      0  30452  45252  29816  29580  11942  11158  22290  17944  -4214  19914  31058  15430   6624   6198   7518   -722   6632   5522  -3262  -3190   7714   7536 
 27444   8558   9876   9086   2124   4730  38050  30452      0  28928  37554  37178  17164  15652  21140  38182  -5462  29250  34484  28484  17442  19924   1062  -1234   5750   3976  -2780  -1864  -1064    604 
 16814  -3328  -3190   -248  -8674  -3142  45144  45252  28928      0  41202  39252  12136   8012  13682  21020 -10504  17296  29684  15808    854   3488    830  -3382    458   5336  -5120  -5606   6510   6264 
 28458  10244   8040   8996  -3566   5644  38372  29816  37554  41202      0  74544  25494  20620  26612  42448  -6048  36392  34166  35594   5904   4816    344  -9602     54   5252  -5370  -6156   2254   1244 
 26358   9600   8716   9442  -1918   7230  35790  29580  37178  39252  74544      0  24410  24752  31600  41696  -5914  43148  36030  38516   8254   6826   -220  -9602   1480   2442  -7510  -4780   3054   -260 
 16798  -1984   1480  -1618  -5950  -1332  13264  11942  17164  12136  25494  24410      0  33712  14310  16084  -5624  21460  12210  19956   -542   1578  -9482  -9886 -10374   1006 -12990 -15080  -5954  -6480 
 10710   5340   4704   2230   2110   -436  13450  11158  15652   8012  20620  24752  33712      0  18628  16468  -4004  19474  11972  16578   6476   6712 -11396 -12636 -14902  -6958 -17420 -21816  -5900  -6428 
 19956   2066   -362    526  -3022    162  13314  22290  21140  13682  26612  31600  14310  18628      0  19892  20610  29754  23182  57476   2766   2888   2510  -4680  -6394  -6466  -8070  -3244  -6662  -5624 
 22180  12646  12440  13382   1186  11484  26442  17944  38182  21020  42448  41696  16084  16468  19892      0  -4848  52306  34006  28036   7686   9356   -732  -4602  -1206   4632  -3772  -5084   2976   1878 
 -3602 -15720 -18816 -15796 -14124 -19128  -7902  -4214  -5462 -10504  -6048  -5914  -5624  -4004  20610  -4848      0  -4670  -8774  15752 -10612  -7456 -16162 -20002 -23580 -17014 -20522 -13638 -11924 -12244 
 24198   9262   4416   9556   1226   6472  25018  19914  29250  17296  36392  43148  21460  19474  29754  52306  -4670      0  43964  37582   1272   3606  -2072  -7974  -2690   2050  -4286  -4412  -5090  -1732 
 22526    920   2030   4440  -2670   5972  36528  31058  34484  29684  34166  36030  12210  11972  23182  34006  -8774  43964      0  37324   3716   3614  -1606  -5516   4538   4838  -4362  -2634    464   2426 
 20462   5050  -2796   2450  -3788   1742  22482  15430  28484  15808  35594  38516  19956  16578  57476  28036  15752  37582  37324      0    152   2624    508  -8838  -7458  -3850  -2966  -3160  -7520  -6442 
 10034  11998  12214   8350   5174  16906  10126   6624  17442    854   5904   8254   -542   6476   2766   7686 -10612   1272   3716    152      0  72692   2056  -4694  -3364   1814 -10730  -9442  -7820  -5610 
 13348  13528  12208  10346   6472  18448  11580   6198  19924   3488   4816   6826   1578   6712   2888   9356  -7456   3606   3614   2624  72692      0   5916  -1576  -1694   3906  -8688  -7122  -5424   -304 
  2454 -13196 -14628 -13224 -16966   1248   2942   7518   1062    830    344   -220  -9482 -11396   2510   -732 -16162  -2072  -1606    508   2056   5916      0  56928   8940  -1246   8046  16052  -7472  -9522 
 -2478 -15236 -15158 -14406 -16794    656  -5758   -722  -1234  -3382  -9602  -9602  -9886 -12636  -4680  -4602 -20002  -7974  -5516  -8838  -4694  -1576  56928      0   6970  -5966   6790  14496  -6718 -10102 
   384  -9832  -9728 -10072  -7608   3540   2272   6632   5750    458     54   1480 -10374 -14902  -6394  -1206 -23580  -2690   4538  -7458  -3364  -1694   8940   6970      0   4366  -9386    160  -6342  -9772 
 -5032   6998   3844   6212  -2620  -2722   9700   5522   3976   5336   5252   2442   1006  -6958  -6466   4632 -17014   2050   4838  -3850   1814   3906  -1246  -5966   4366      0   7206  -9122  -2966   1198 
-10174 -19306 -21482 -16586 -16380 -13150  -1126  -3262  -2780  -5120  -5370  -7510 -12990 -17420  -8070  -3772 -20522  -4286  -4362  -2966 -10730  -8688   8046   6790  -9386   7206      0    178  -7882  -7264 
 -2042 -16958 -19796 -12510 -11640  -7944   3240  -3190  -1864  -5606  -6156  -4780 -15080 -21816  -3244  -5084 -13638  -4412  -2634  -3160  -9442  -7122  16052  14496    160  -9122    178      0   -812  -6638 
  1940 -10374 -11860 -12206 -20324  -7838   1060   7714  -1064   6510   2254   3054  -5954  -5900  -6662   2976 -11924  -5090    464  -7520  -7820  -5424  -7472  -6718  -6342  -2966  -7882   -812      0  13506 
 -3200 -10798 -12350 -10036 -15190  -8754   6378   7536    604   6264   1244   -260  -6480  -6428  -5624   1878 -12244  -1732   2426  -6442  -5610   -304  -9522 -10102  -9772   1198  -7264  -6638  13506      0 
