     0   5003   3970   5214   3233   8913   8991  10048  13189  10031  14415  12132  11060   9508   9221  11383  12403  12185   9774   6812   7815   3420   1278   5098     50  -1857  -2821  -2961  -3850  -2393 
  5003      0  23122  26061  16375   6582   6611   4740   7652   5149   4887   4880   4101   4444   6885   7730   6816   3925   4917   7523   9607   1731  -1105   2287  -2808  -1943  -3719  -6123  -3801  -2137 
  3970  23122      0  23911  17589   7059   4310   3653   6438   4618   4445   4230   3679   3811   3941   7493   5952   4141   1609   7751   8145   -500  -2687   2104  -3108  -2873  -4257  -6141  -5234  -2879 
  5214  26061  23911      0  16123   6897   4821   3522   5484   5482   5579   4626   2662   4061   5838   8423   5879   5016   3029   6996   7844   -938  -2137   2045  -3298  -2414  -4157  -5727  -4718  -2854 
  3233  16375  17589  16123      0   9692   2625   1837   4252   2481   1548   2368   1478   3387   3560   2701   3239   2445    782   6540   7411  -1814  -2881   1353  -1894  -2272  -3512  -4798  -3760  -2342 
  8913   6582   7059   6897   9692      0   4587   4174   5477   2591   4901   4978   4032   5705   5572   6652   5228   3997   3349   7475   8186   4191   1499   3234  -3030  -3312  -3845  -4737  -4521  -3977 
  8991   6611   4310   4821   2625   4587      0  17467  14612  16695  16034  16109  15654  14302  10294  11051  13543  13568  11577   3783   4688   2511   -375   3602  -2761  -2162  -3863  -6771  -3940  -3029 
 10048   4740   3653   3522   1837   4174  17467      0  14356  17943  16419  16374  11546  13145  11132  11495  11718  13908  10443   6292   5818   2579   -992   2899  -4505  -3278  -6540  -7749  -5930  -5904 
 13189   7652   6438   5484   4252   5477  14612  14356      0  12838  14444  13794  10686  10179   9706  14180  13206  11054  10474   7312   9510   3360   2851   5540  -1027  -3897  -4421  -7822  -5201  -3918 
 10031   5149   4618   5482   2481   2591  16695  17943  12838      0  18662  18414  12639  12071   9281  13273  11789  12834   9570   3635   4572   1993  -2383   3057  -2372  -1788  -6418  -7057  -6544  -4471 
 14415   4887   4445   5579   1548   4901  16034  16419  14444  18662      0  28471  14295  15421  12467  17134  16989  14642  15952   5174   4554   1628  -1997   4417  -2873  -2447  -4506  -7156  -4687  -4135 
 12132   4880   4230   4626   2368   4978  16109  16374  13794  18414  28471      0  14723  16827  13745  16774  17118  14247  15085   5583   5197   2294  -1121   3387  -1210  -1313  -3698  -6674  -4474  -2682 
 11060   4101   3679   2662   1478   4032  15654  11546  10686  12639  14295  14723      0  18594  14543   9719  12914  13618  12578   3469   5075   3934   2576   2377  -4037  -2977  -6462  -2927  -7441  -4971 
  9508   4444   3811   4061   3387   5705  14302  13145  10179  12071  15421  16827  18594      0  14604  13595  13145  13705  14338   6016   6126   2671   -156   2723  -2490  -3925  -5665  -5657  -6918  -4572 
  9221   6885   3941   5838   3560   5572  10294  11132   9706   9281  12467  13745  14543  14604      0  11214  13618  12504  23507   4502   5931   4910   -239   3653  -4115  -3248  -6175  -5381  -6646  -5177 
 11383   7730   7493   8423   2701   6652  11051  11495  14180  13273  17134  16774   9719  13595  11214      0  23106  12426  12003   6339   6958   2730   1667   4059  -2317  -2648  -4782  -6555  -4591  -3548 
 12403   6816   5952   5879   3239   5228  13543  11718  13206  11789  16989  17118  12914  13145  13618  23106      0  19134  14735   4362   5887   3990   1530   5215  -1954  -2735  -4392  -5913  -5316  -3136 
 12185   3925   4141   5016   2445   3997  13568  13908  11054  12834  14642  14247  13618  13705  12504  12426  19134      0  14762   3226   3631   2994   -239   6427  -2765  -2399  -4822  -6457  -5322  -4485 
  9774   4917   1609   3029    782   3349  11577  10443  10474   9570  15952  15085  12578  14338  23507  12003  14735  14762      0   2595   4175   3237   -413   3641  -4934  -2514  -6370  -5925  -6750  -5450 
  6812   7523   7751   6996   6540   7475   3783   6292   7312   3635   5174   5583   3469   6016   4502   6339   4362   3226   2595      0  26022   1999     49   2681  -1043  -2556  -3424  -5396  -4387  -1830 
  7815   9607   8145   7844   7411   8186   4688   5818   9510   4572   4554   5197   5075   6126   5931   6958   5887   3631   4175  26022      0   1884    519   4747  -1506  -2895  -3969  -5967  -5180  -1973 
  3420   1731   -500   -938  -1814   4191   2511   2579   3360   1993   1628   2294   3934   2671   4910   2730   3990   2994   3237   1999   1884      0  17494   4867  -3918  -1250  -4025  -6524  -5417  -3135 
  1278  -1105  -2687  -2137  -2881   1499   -375   -992   2851  -2383  -1997  -1121   2576   -156   -239   1667   1530   -239   -413     49    519  17494      0   4425  -4093  -3056  -4370  -7937  -7815  -5084 
  5098   2287   2104   2045   1353   3234   3602   2899   5540   3057   4417   3387   2377   2723   3653   4059   5215   6427   3641   2681   4747   4867   4425      0  -2318  -3471  -3827  -4784  -4304  -4979 
    50  -2808  -3108  -3298  -1894  -3030  -2761  -4505  -1027  -2372  -2873  -1210  -4037  -2490  -4115  -2317  -1954  -2765  -4934  -1043  -1506  -3918  -4093  -2318      0  25380  26848  11958  25647  27198 
 -1857  -1943  -2873  -2414  -2272  -3312  -2162  -3278  -3897  -1788  -2447  -1313  -2977  -3925  -3248  -2648  -2735  -2399  -2514  -2556  -2895  -1250  -3056  -3471  25380      0  26366  15579  27816  27844 
 -2821  -3719  -4257  -4157  -3512  -3845  -3863  -6540  -4421  -6418  -4506  -3698  -6462  -5665  -6175  -4782  -4392  -4822  -6370  -3424  -3969  -4025  -4370  -3827  26848  26366      0  13623  29567  28320 
 -2961  -6123  -6141  -5727  -4798  -4737  -6771  -7749  -7822  -7057  -7156  -6674  -2927  -5657  -5381  -6555  -5913  -6457  -5925  -5396  -5967  -6524  -7937  -4784  11958  15579  13623      0  13763  13975 
 -3850  -3801  -5234  -4718  -3760  -4521  -3940  -5930  -5201  -6544  -4687  -4474  -7441  -6918  -6646  -4591  -5316  -5322  -6750  -4387  -5180  -5417  -7815  -4304  25647  27816  29567  13763      0  28946 
 -2393  -2137  -2879  -2854  -2342  -3977  -3029  -5904  -3918  -4471  -4135  -2682  -4971  -4572  -5177  -3548  -3136  -4485  -5450  -1830  -1973  -3135  -5084  -4979  27198  27844  28320  13975  28946      0 
