     0   5240   4504   5357   3618   8375   4185  10372  13753  10415  14887  12270  11464   9976   9583  11828  13227  12820  10048   7143   8164   4219   2110   5898  -1111   -814  -1770  -2131  -1749  -1169 
  5240      0  22064  24830  16283   6818    153   4203   8031   6169   5630   5630   5021   4718   6751   8648   7185   3888   4503   7782   9629   2306   -455   2258  -1626    169  -3289  -3005  -1201  -1710 
  4504  22064      0  23134  17030   6906   -963   3160   6646   5644   4926   4715   4126   4025   4282   7864   6310   4738   2300   7589   8093   -232  -2100   2606  -3831  -2547  -3066  -4475  -4122  -1707 
  5357  24830  23134      0  16320   7483   -707   3369   5969   6314   6155   5142   3024   3765   5553   9189   6630   4918   2471   7375   8088   -251  -1958   2296  -2625  -1660  -3922  -4014  -2846  -2630 
  3618  16283  17030  16320      0   9936  -2621   1850   4198   2515   1519   2351   1851   2999   3974   2105   2845   2174   1310   7412   8197  -1378  -2170   1789  -2650  -3267  -3028  -3403  -4218  -2123 
  8375   6818   6906   7483   9936      0  -1226   4283   6209   3101   4527   4613   5163   6125   6097   6406   5346   3712   3592   6630   7955   4639   2500   3790  -1261  -2499  -2374   -789  -2347  -3149 
  4185    153   -963   -707  -2621  -1226      0   9806   9404   9619   9553   9311   7314   7018   3438   4377   5682   7995   4102    -61    277  -3674  -7431  -1356  -4218  -4117   1415  -5603  -3991    894 
 10372   4203   3160   3369   1850   4283   9806      0  13849  17293  16152  16244  11941  12491  10570  10790  11011  13259  10312   6049   5822   3035   -527   3231      4    344  -5595  -4795  -1354  -4888 
 13753   8031   6646   5969   4198   6209   9404  13849      0  13134  14763  14115  10852  10179   9719  14740  13762  10471  10501   7876   9834   3613   2269   5594    914    476  -3371  -3680   -964  -2855 
 10415   6169   5644   6314   2515   3101   9619  17293  13134      0  17230  16981  12067  10924   9430  12944  11241  11569   9834   4354   5507   1922  -2451   3406  -1429  -1701  -5340  -5061  -1888  -3406 
 14887   5630   4926   6155   1519   4527   9553  16152  14763  17230      0  26903  13839  14765  11700  16012  15653  13671  14845   4958   5128   1296  -1144   5189   -176  -1104  -4344  -5473  -1518  -3958 
 12270   5630   4715   5142   2351   4613   9311  16244  14115  16981  26903      0  13804  16162  12972  15649  15774  13511  13978   5745   6032   1954   -544   4162   -545   -955  -3510  -4898  -1130  -2509 
 11464   5021   4126   3024   1851   5163   7314  11941  10852  12067  13839  13804      0  17935  14154   9266  11757  12417  12307   4296   5623   4744   2463   2473  -1566  -1960  -5817  -4638  -2775  -4381 
  9976   4718   4025   3765   2999   6125   7018  12491  10179  10924  14765  16162  17935      0  14465  12625  12070  12983  14307   6766   6915   2803     -7   2863  -1271  -1980  -4834  -4918  -2527  -3758 
  9583   6751   4282   5553   3974   6097   3438  10570   9719   9430  11700  12972  14154  14465      0  10257  12654  11769  22324   5889   7001   5408    546   3863   -947  -1310  -5850  -4652  -1497  -4848 
 11828   8648   7864   9189   2105   6406   4377  10790  14740  12944  16012  15649   9266  12625  10257      0  21646  11282  11134   6424   7292   2350   2205   4299    180  -1079  -4166  -3825  -1103  -2912 
 13227   7185   6310   6630   2845   5346   5682  11011  13762  11241  15653  15774  11757  12070  12654  21646      0  17991  13865   5054   6867   3998   2046   5820   -966   -674  -4392  -2983  -1168  -2820 
 12820   3888   4738   4918   2174   3712   7995  13259  10471  11569  13671  13511  12417  12983  11769  11282  17991      0  14140   4156   4458   3457    156   6308   -423   -608  -3999  -3017  -1441  -3671 
 10048   4503   2300   2471   1310   3592   4102  10312  10501   9834  14845  13978  12307  14307  22324  11134  13865  14140      0   3696   4962   3276    482   3849  -1283    -26  -6101  -5284  -1759  -5183 
  7143   7782   7589   7375   7412   6630    -61   6049   7876   4354   4958   5745   4296   6766   5889   6424   5054   4156   3696      0  25787   2725    758   2939  -1806  -3556  -2502  -3119  -4168   -917 
  8164   9629   8093   8088   8197   7955    277   5822   9834   5507   5128   6032   5623   6915   7001   7292   6867   4458   4962  25787      0   2305   1234   5252  -3147  -3292  -3492  -3258  -4328  -1510 
  4219   2306   -232   -251  -1378   4639  -3674   3035   3613   1922   1296   1954   4744   2803   5408   2350   3998   3457   3276   2725   2305      0  17359   5225  -1793  -1668  -3473  -1927  -2625  -2675 
  2110   -455  -2100  -1958  -2170   2500  -7431   -527   2269  -2451  -1144   -544   2463     -7    546   2205   2046    156    482    758   1234  17359      0   5010  -3468  -3432  -3831  -3666  -3245  -4620 
  5898   2258   2606   2296   1789   3790  -1356   3231   5594   3406   5189   4162   2473   2863   3863   4299   5820   6308   3849   2939   5252   5225   5010      0   2657   2539  -3075   -602    463  -4228 
 -1111  -1626  -3831  -2625  -2650  -1261  -4218      4    914  -1429   -176   -545  -1566  -1271   -947    180   -966   -423  -1283  -1806  -3147  -1793  -3468   2657      0  23815  16852   9732  25874  15993 
  -814    169  -2547  -1660  -3267  -2499  -4117    344    476  -1701  -1104   -955  -1960  -1980  -1310  -1079   -674   -608    -26  -3556  -3292  -1668  -3432   2539  23815      0  17321  12999  28104  16762 
 -1770  -3289  -3066  -3922  -3028  -2374   1415  -5595  -3371  -5340  -4344  -3510  -5817  -4834  -5850  -4166  -4392  -3999  -6101  -2502  -3492  -3473  -3831  -3075  16852  17321      0   3244  18607  26842 
 -2131  -3005  -4475  -4014  -3403   -789  -5603  -4795  -3680  -5061  -5473  -4898  -4638  -4918  -4652  -3825  -2983  -3017  -5284  -3119  -3258  -1927  -3666   -602   9732  12999   3244      0  10916   3147 
 -1749  -1201  -4122  -2846  -4218  -2347  -3991  -1354   -964  -1888  -1518  -1130  -2775  -2527  -1497  -1103  -1168  -1441  -1759  -4168  -4328  -2625  -3245    463  25874  28104  18607  10916      0  17985 
 -1169  -1710  -1707  -2630  -2123  -3149    894  -4888  -2855  -3406  -3958  -2509  -4381  -3758  -4848  -2912  -2820  -3671  -5183   -917  -1510  -2675  -4620  -4228  15993  16762  26842   3147  17985      0 
