     0  25380  26848  11958  25647  27198 
 25380      0  26366  15579  27816  27844 
 26848  26366      0  13623  29567  28320 
 11958  15579  13623      0  13763  13975 
 25647  27816  29567  13763      0  28946 
 27198  27844  28320  13975  28946      0 
