     0  20939   9516   4171  23455   8074 
 20939      0   9318   7113  24224   8986 
  9516   9318      0  -2052  10348  23790 
  4171   7113  -2052      0   5263  -2759 
 23455  24224  10348   5263      0  10150 
  8074   8986  23790  -2759  10150      0 
