     0  23815  16852   9732  25874  15993 
 23815      0  17321  12999  28104  16762 
 16852  17321      0   3244  18607  26842 
  9732  12999   3244      0  10916   3147 
 25874  28104  18607  10916      0  17985 
 15993  16762  26842   3147  17985      0 
