     0   6640   -248   7599   8731  -4170  -4348  -6465  -5775  -7292  -5205 
  6640      0    112    452   2998  -4351  -3521  -7240  -6105  -7991  -6528 
  -248    112      0   2251   3415  -4178  -2427  -4767  -7450  -5653  -4472 
  7599    452   2251      0  10353  -2836  -2214  -6313  -6203  -6628  -4175 
  8731   2998   3415  10353      0  -3372  -1603  -6532  -5400  -6264  -4253 
 -4170  -4351  -4178  -2836  -3372      0  25380  26848  11958  25647  27198 
 -4348  -3521  -2427  -2214  -1603  25380      0  26366  15579  27816  27844 
 -6465  -7240  -4767  -6313  -6532  26848  26366      0  13623  29567  28320 
 -5775  -6105  -7450  -6203  -5400  11958  15579  13623      0  13763  13975 
 -7292  -7991  -5653  -6628  -6264  25647  27816  29567  13763      0  28946 
 -5205  -6528  -4472  -4175  -4253  27198  27844  28320  13975  28946      0 
