     0   5857    253   7865   9557  -2736  -2529  -5642  -5061  -2752  -4400 
  5857      0    562    697   3664  -2568  -4704  -6391  -5416  -3976  -5726 
   253    562      0   2199   3643   -276  -1466  -4526  -4758  -1974  -4211 
  7865    697   2199      0  10496  -1420  -2468  -5208  -4043  -3082  -3090 
  9557   3664   3643  10496      0   -804   -645  -5746  -3638  -1765  -3578 
 -2736  -2568   -276  -1420   -804      0  23815  16852   9732  25874  15993 
 -2529  -4704  -1466  -2468   -645  23815      0  17321  12999  28104  16762 
 -5642  -6391  -4526  -5208  -5746  16852  17321      0   3244  18607  26842 
 -5061  -5416  -4758  -4043  -3638   9732  12999   3244      0  10916   3147 
 -2752  -3976  -1974  -3082  -1765  25874  28104  18607  10916      0  17985 
 -4400  -5726  -4211  -3090  -3578  15993  16762  26842   3147  17985      0 
