     0  77104  81522  40468  82414  76514 
 77104      0  89478  42324  82230  75320 
 81522  89478      0  36908  79752  75808 
 40468  42324  36908      0  41452  44340 
 82414  82230  79752  41452      0  89746 
 76514  75320  75808  44340  89746      0 
