     0  64360  70832  29212  69202  64290 
 64360      0  77144  29424  68230  61452 
 70832  77144      0  26062  67806  62894 
 29212  29424  26062      0  28940  31960 
 69202  68230  67806  28940      0  76266 
 64290  61452  62894  31960  76266      0 
