     0   -894  -3529  12605  -3223  -4120   -732  -6079  -3135   -682  -2274 
  -894      0  -2592   -922  -5153  -4420    184  -5133  -3936  -1014  -1603 
 -3529  -2592      0  -4571   -344  -8183   1370  -5142  -8893    331  -7527 
 12605   -922  -4571      0  -6683  -6788  -3814  -5427  -5225  -3138  -2862 
 -3223  -5153   -344  -6683      0  -6385  -3080  -6318  -6763  -3596  -4657 
 -4120  -4420  -8183  -6788  -6385      0  -5660  -1702  -5206  -3667  11681 
  -732    184   1370  -3814  -3080  -5660      0  -2127  -7434  23624  -1932 
 -6079  -5133  -5142  -5427  -6318  -1702  -2127      0  -4097  -1160   -962 
 -3135  -3936  -8893  -5225  -6763  -5206  -7434  -4097      0  -4791  -1093 
  -682  -1014    331  -3138  -3596  -3667  23624  -1160  -4791      0  -3503 
 -2274  -1603  -7527  -2862  -4657  11681  -1932   -962  -1093  -3503      0 
