     0    207  -3926  11305  -3487  -4958   -176  -5301    383   -867  -1591 
   207      0  -2884   -700  -3170  -5020  -1579  -4315  -4736  -1118  -1449 
 -3926  -2884      0  -6622   -117  -7796    463  -5077  -8769    826  -8888 
 11305   -700  -6622      0  -6654  -6434  -2683  -4569  -5894  -2353  -1904 
 -3487  -3170   -117  -6654      0  -6173  -3101  -6957  -7154  -3495  -3605 
 -4958  -5020  -7796  -6434  -6173      0  -6480  -1142  -4257  -3698  11079 
  -176  -1579    463  -2683  -3101  -6480      0   -951  -6747  21027   1048 
 -5301  -4315  -5077  -4569  -6957  -1142   -951      0  -4404   -392    300 
   383  -4736  -8769  -5894  -7154  -4257  -6747  -4404      0  -2886  -2857 
  -867  -1118    826  -2353  -3495  -3698  21027   -392  -2886      0  -4826 
 -1591  -1449  -8888  -1904  -3605  11079   1048    300  -2857  -4826      0 
