     0   -740  -3572  12639  -2912  -4101   -701  -5452  -1447   -190  -1952 
  -740      0  -2572   -309  -5214  -4648   -760  -5038  -3396  -1379  -1909 
 -3572  -2572      0  -4873   -382  -7508   1445  -4240  -7045   1323  -7297 
 12639   -309  -4873      0  -6099  -5943  -3274  -5033  -5338  -2321  -2047 
 -2912  -5214   -382  -6099      0  -5873  -2389  -5926  -6121  -3968  -4317 
 -4101  -4648  -7508  -5943  -5873      0  -6334  -1596  -3984  -3433  11900 
  -701   -760   1445  -3274  -2389  -6334      0  -1076  -5181  23661   -774 
 -5452  -5038  -4240  -5033  -5926  -1596  -1076      0  -4152   -369   -599 
 -1447  -3396  -7045  -5338  -6121  -3984  -5181  -4152      0  -3884  -2027 
  -190  -1379   1323  -2321  -3968  -3433  23661   -369  -3884      0  -2413 
 -1952  -1909  -7297  -2047  -4317  11900   -774   -599  -2027  -2413      0 
