     0   3922   4332   4002  -1044   6309   1375   4102   7568   5527   9284  13716   8526   5352   5025  11726   7809   7355   5586   4957   4505   4853   3725   5449   3943   2283   4975   2979   2209 
  3922      0  21718  24161  11052   6127  -2933   -676   3463    958   1410   5287   1837      0   2175   6401   1001    654    608   5034   5422    769  -1013    848   7799   -504   -575   -848   -362 
  4332  21718      0  22311  11576   6142  -2779   -927   3749    942    685   4724   2028    -57    538   6511    -58   2193   -603   6412   6113   -117   -448   1354   6992   -287   -585    -69    403 
  4002  24161  22311      0  10792   9848  -1711   -853   4193   1205   2095   7814   1483   -516   1164   9837   2248   3418   1830   8204   6444    566   -680   1501   8057    329   1773  -1638   1300 
 -1044  11052  11576  10792      0   4486  -7070  -2801    786  -3611  -2670  -1062    563    199   -494  -1233   -670  -1623    442   1743   3009  -1300  -1448  -1786  -1038   -783   -304  -3469   -821 
  6309   6127   6142   9848   4486      0  -4661    193   2027  -1720   1615   6147   2706   2651    764   7522   1495    527    707   8927   5795   3762   5787   1319   3259   1665   2700   -210   -893 
  1375  -2933  -2779  -1711  -7070  -4661      0   8739   5538   6796   6887   6858   3030   2921     78   2395   2103   3020     90    178  -1198  -6573  -7378  -4979  -1591  -5597  -2754  -4044  -1235 
  4102   -676   -927   -853  -2801    193   8739      0   8601  12035  11156  11465   7924   8742   6095   5377   6585   8883   5449    168    348   -479  -2186  -1527   1537  -2480  -1999   1109   1307 
  7568   3463   3749   4193    786   2027   5538   8601      0  11653  10873  14088   9599   5860   7041  12781   8628  11181  10645   4910   7993   2893   1847   2169   2171   -146   3044   4615   3191 
  5527    958    942   1205  -3611  -1720   6796  12035  11653      0  12511  12481  11240   7168   7546   7005   6198   8961   6938   -249   1509   2090  -1778   -147   1249  -1097  -2052   3733   3392 
  9284   1410    685   2095  -2670   1615   6887  11156  10873  12511      0  20147  10482   9944   8025  10445  13831   9034  10221   4086   3383   -878  -3830  -1870   1529  -1554   -663   2309   4268 
 13716   5287   4724   7814  -1062   6147   6858  11465  14088  12481  20147      0  10718  11600   9260  18744  13109  10375  10331   8305   6168   2852   2091   5468   6187   3433   5547   3470   4459 
  8526   1837   2028   1483    563   2706   3030   7924   9599  11240  10482  10718      0  13846   9846   6600   7924   9915  10913   1735   3474  -1011  -1401  -1160   2665  -2311  -2091   5027   4728 
  5352      0    -57   -516    199   2651   2921   8742   5860   7168   9944  11600  13846      0  10171   6645   7922   8041   9405   3326   3580  -2361  -1645  -4587  -1005  -4231  -3997   2878   3118 
  5025   2175    538   1164   -494    764     78   6095   7041   7546   8025   9260   9846  10171      0   5999   8004   8907  20072    637   2282    727  -2641  -1570   1314  -1368   1083   2409    977 
 11726   6401   6511   9837  -1233   7522   2395   5377  12781   7005  10445  18744   6600   6645   5999      0  17769  10036   8152   7552   6743   2655   4128   4302   6413   6049   5401   4065   5456 
  7809   1001    -58   2248   -670   1495   2103   6585   8628   6198  13831  13109   7924   7922   8004  17769      0  14509  10543   1168   2143    429   -622   2200   1543  -1559   1955   1959   4221 
  7355    654   2193   3418  -1623    527   3020   8883  11181   8961   9034  10375   9915   8041   8907  10036  14509      0  15267    671   2273   2439    216   1356   2576   -547   1631   2510   2011 
  5586    608   -603   1830    442    707     90   5449  10645   6938  10221  10331  10913   9405  20072   8152  10543  15267      0    785   2061    951   -809   -104   1364   -438   2419   1033    -14 
  4957   5034   6412   8204   1743   8927    178    168   4910   -249   4086   8305   1735   3326    637   7552   1168    671    785      0  21592   2867   2943    808   1998     31   1533  -1973   -379 
  4505   5422   6113   6444   3009   5795  -1198    348   7993   1509   3383   6168   3474   3580   2282   6743   2143   2273   2061  21592      0   3844   1716    277   2393  -1071   1600   -162    673 
  4853    769   -117    566  -1300   3762  -6573   -479   2893   2090   -878   2852  -1011  -2361    727   2655    429   2439    951   2867   3844      0  15395   2738   3340   3291   5434   -156  -1756 
  3725  -1013   -448   -680  -1448   5787  -7378  -2186   1847  -1778  -3830   2091  -1401  -1645  -2641   4128   -622    216   -809   2943   1716  15395      0   4787   1590   3523   8952   1208   -726 
  5449    848   1354   1501  -1786   1319  -4979  -1527   2169   -147  -1870   5468  -1160  -4587  -1570   4302   2200   1356   -104    808    277   2738   4787      0   3278   -871   5223   -548  -4233 
  3943   7799   6992   8057  -1038   3259  -1591   1537   2171   1249   1529   6187   2665  -1005   1314   6413   1543   2576   1364   1998   2393   3340   1590   3278      0   7024     51   1561   1664 
  2283   -504   -287    329   -783   1665  -5597  -2480   -146  -1097  -1554   3433  -2311  -4231  -1368   6049  -1559   -547   -438     31  -1071   3291   3523   -871   7024      0   1379  -2349    424 
  4975   -575   -585   1773   -304   2700  -2754  -1999   3044  -2052   -663   5547  -2091  -3997   1083   5401   1955   1631   2419   1533   1600   5434   8952   5223     51   1379      0   -921    189 
  2979   -848    -69  -1638  -3469   -210  -4044   1109   4615   3733   2309   3470   5027   2878   2409   4065   1959   2510   1033  -1973   -162   -156   1208   -548   1561  -2349   -921      0   3068 
  2209   -362    403   1300   -821   -893  -1235   1307   3191   3392   4268   4459   4728   3118    977   5456   4221   2011    -14   -379    673  -1756   -726  -4233   1664    424    189   3068      0 
