     0   3136   3390   2733  -2672   1319  -1209   4202   6133   7337  10727   8209   7850   5352   5694   6664  10484   6223   6182   2983   1702   1936    628    759   1262  -1679  -2864   4091   2259 
  3136      0  18928  20683   8852   -169  -4705  -1176   2074   1503   4534   3506   2852   -578   1891   2908   3060    -13   -331   3031   2361  -2123  -3090  -1382   5525  -4406  -5826    -77   1600 
  3390  18928      0  18833   9376    387  -5304  -1427   2584   1408   2908   2161   3066   -575    424   3026   1584    693  -1764   4229   2544  -2799  -3306   -774   4718  -5030  -5541   -216   1960 
  2733  20683  18833      0   8592   -103  -4657  -1353   1574   2075   4038   3213   1842  -1016    710   3342   1300    458  -1079   2659   2223  -2657  -3978   -836   5783  -3754  -5552   -867   1648 
 -2672   8852   9376   8592      0   4686  -8720  -4613  -2870  -5228  -4738  -4499  -2204  -1251  -1854  -5086  -4455  -3893  -1832   -655    261  -4009  -5220  -3807  -1638  -3004  -3987  -5019  -3577 
  1319   -169    387   -103   4686      0  -8685  -2531  -1452  -3228  -3146  -2502   1056   1251   1527   -955  -1156  -1704   -117   1999   2768   1896   1686  -3341  -2850   -540  -1977  -1467  -2308 
 -1209  -4705  -5304  -4657  -8720  -8685      0   4769   5874   4744   5839   5820   3030   2221   -730    977   1101   2640   -910  -3109  -2993  -8584 -10393  -6826  -2291  -7832  -7462  -3944  -1235 
  4202  -1176  -1427  -1353  -4613  -2531   4769      0   9022  12235  10535  11565   8104   7742   5341   5477   6685   9083   4688   -105    448  -2793  -5283  -2127   1087  -4215  -3875   1209   1497 
  6133   2074   2584   1574  -2870  -1452   5874   9022      0   8619   8920   8572   6860   5548   3254   8142   6592   5387   3101   4136   6291  -4411  -3053  -3205   -324  -3356  -4245   2503   3180 
  7337   1503   1408   2075  -5228  -3228   4744  12235   8619      0  12542  13975   8936   6868   5754   8121   7454   5913   5250    306    133   -375  -4262    186   2691  -1598  -4413   2626   3767 
 10727   4534   2908   4038  -4738  -3146   5839  10535   8920  12542      0  20147  11676   9944   7325   9831  10981   8916   9521   1021    655  -1857  -4185    212   2328  -3298  -3967   2889   4422 
  8209   3506   2161   3213  -4499  -2502   5820  11565   8572  13975  20147      0  10223  11600  10378  10277  12739   9070  10447   2376   1361    314  -3096   3255   3749  -2713  -4512   5039   4459 
  7850   2852   3066   1842  -2204   1056   3030   8104   6860   8936  11676  10223      0  12746   6310   5727   7205   5928   5676   1435   2481  -1943  -2792  -1638   3002  -4466  -4947   3268   4748 
  5352   -578   -575  -1016  -1251   1251   2221   7742   5548   6868   9944  11600  12746      0   9471   6737   7622   7282   8705   3026   3680  -4536  -4215  -5193  -1931  -4853  -3958   2978   3020 
  5694   1891    424    710  -1854   1527   -730   5341   3254   5754   7325  10378   6310   9471      0   6523   9158   5409  18905   1077    533   1943  -1591  -2244    605  -1039    126   1371    377 
  6664   2908   3026   3342  -5086   -955    977   5477   8142   8121   9831  10277   5727   6737   6523      0  16884   7461   5769    510   1654   -493   -503  -1179   3093   -893  -3276   5504   5456 
 10484   3060   1584   1300  -4455  -1156   1101   6685   6592   7454  10981  12739   7205   7622   9158  16884      0  12732   9497   1191    977    691   -779    120   2757  -1963  -2320   3398   4321 
  6223    -13    693    458  -3893  -1704   2640   9083   5387   5913   8916   9070   5928   7282   5409   7461  12732      0   6982   2541   -128  -1110  -1634   -748   1032  -2756  -3990    570   2011 
  6182   -331  -1764  -1079  -1832   -117   -910   4688   3101   5250   9521  10447   5676   8705  18905   5769   9497   6982      0  -1144  -1457   1490  -1942  -2854    732    -34  -1098   -140   -714 
  2983   3031   4229   2659   -655   1999  -3109   -105   4136    306   1021   2376   1435   3026   1077    510   1191   2541  -1144      0  19139   2390  -1124  -2803   -538  -3506  -6275   -684   -209 
  1702   2361   2544   2223    261   2768  -2993    448   6291    133    655   1361   2481   3680    533   1654    977   -128  -1457  19139      0  -2769  -3374  -3091  -1907  -5218  -3548   -428    662 
  1936  -2123  -2799  -2657  -4009   1896  -8584  -2793  -4411   -375  -1857    314  -1943  -4536   1943   -493    691  -1110   1490   2390  -2769      0  12731  -2204    206   1715   1495     16  -1904 
   628  -3090  -3306  -3978  -5220   1686 -10393  -5283  -3053  -4262  -4185  -3096  -2792  -4215  -1591   -503   -779  -1634  -1942  -1124  -3374  12731      0  -1838  -2632   1022   1986    311  -3508 
   759  -1382   -774   -836  -3807  -3341  -6826  -2127  -3205    186    212   3255  -1638  -5193  -2244  -1179    120   -748  -2854  -2803  -3091  -2204  -1838      0   1154  -5607  -4187  -2289  -3097 
  1262   5525   4718   5783  -1638  -2850  -2291   1087   -324   2691   2328   3749   3002  -1931    605   3093   2757   1032    732   -538  -1907    206  -2632   1154      0   -860  -4941   1869   5068 
 -1679  -4406  -5030  -3754  -3004   -540  -7832  -4215  -3356  -1598  -3298  -2713  -4466  -4853  -1039   -893  -1963  -2756    -34  -3506  -5218   1715   1022  -5607   -860      0  -3187  -2479  -2542 
 -2864  -5826  -5541  -5552  -3987  -1977  -7462  -3875  -4245  -4413  -3967  -4512  -4947  -3958    126  -3276  -2320  -3990  -1098  -6275  -3548   1495   1986  -4187  -4941  -3187      0  -2695  -3850 
  4091    -77   -216   -867  -5019  -1467  -3944   1209   2503   2626   2889   5039   3268   2978   1371   5504   3398    570   -140   -684   -428     16    311  -2289   1869  -2479  -2695      0   3268 
  2259   1600   1960   1648  -3577  -2308  -1235   1497   3180   3767   4422   4459   4748   3020    377   5456   4321   2011   -714   -209    662  -1904  -3508  -3097   5068  -2542  -3850   3268      0 
