     0   5093   4003   6014   4290   9151  10229   8030  14492  10568  14695  13194   8937   6389  10339  11014  -1384  12790  12157  10917   6447   8104   4954   3051   2978    684  -1539   4412   4900   2412 
  5093      0  28282  32640  22861   7821   5867    591   7226   1029   5330   5260   1472   4312   2494   8211  -6371   6346   2847   4303   7588   8771  -1969  -3834   -284   5761  -3659  -2878   -400    573 
  4003  28282      0  28313  22068   5681   5325    647   6406   1106   4669   5100   2157   4106   1794   7286  -7944   2846   3507    201   7365   7612  -2306  -4337   -840   4334  -4219  -3866  -1483   -476 
  6014  32640  28313      0  23745   8006   5085    170   6146   2318   4524   4859    923   3611   1804   8071  -6444   5388   4584   2366   6560   8058  -3224  -3450   -625   5709  -3322   -448  -1403   1852 
  4290  22861  22068  23745      0   9144   1027  -1964   3395   -635   1563   2342  -1132   4091   1585   4068  -6047   2974    797    518   5092   6241  -2962  -3958    360   2202  -2312  -3818  -3479   -910 
  9151   7821   5681   8006   9144      0   4665   2158   5029   2127   6026   6813   2644   3263   3951   8334  -7727   5623   4660   5389   9578   9944   3955   4730   3930   1019  -1250   1057    762    134 
 10229   5867   5325   5085   1027   4665      0  20376  19338  22089  19498  17344  11649  10416   9070  13313  -1963  14114  17876  13650   6538   6980   3856   -249   3462   5512   3339   4198   2563   5564 
  8030    591    647    170  -1964   2158  20376      0  16065  22187  15543  15306   8337   9567  11768  10217    199  11546  15658   9983   4113   3635   4873    921   3466   3531    266   -272   5848   4889 
 14492   7226   6406   6146   3395   5029  19338  16065      0  15667  19121  18235  10531   9922  12540  17252  -1533  14912  17514  15648   8644  10475   3064   2421   5373   3606    997   2136   2744   4074 
 10568   1029   1106   2318   -635   2127  22089  22187  15667      0  21423  18637   9404   8560   8619  10317  -3424  10296  15060   9658   1814   2457   1592   -403    863   3303    847  -1030   3646   5230 
 14695   5330   4669   4524   1563   6026  19498  15543  19121  21423      0  33980  14631  12012  13441  18901  -2133  17622  17403  17862   5277   5231   2600  -2387   3254   4358      6   1063   3749   3870 
 13194   5260   5100   4859   2342   6813  17344  15306  18235  18637  33980      0  14148  13608  15844  20260  -1897  20846  16047  17805   6543   5691   4641  -1575   3681   3350    854    785   3771   3085 
  8937   1472   2157    923  -1132   2644  11649   8337  10531   9404  14631  14148      0  17693   9753  10606   -472  13163  10532  12673   3654   4259    248   -191  -2069   4509   -910  -2143   1554   2038 
  6389   4312   4106   3611   4091   3263  10416   9567   9922   8560  12012  13608  17693      0  11399  10134     88  10680   9489  10388   5236   5608   -990  -3114  -3257   1288  -4294  -5309   1927    626 
 10339   2494   1794   1804   1585   3951   9070  11768  12540   8619  13441  15844   9753  11399      0  10564  10361  15414  13150  28280   2341   3291   2776   -727    515    279  -1657   1675    338   1470 
 11014   8211   7286   8071   4068   8334  13313  10217  17252  10317  18901  20260  10606  10134  10564      0  -1468  25578  15075  12941   5251   6699   3770   1040   2593   4419   3088   1786   4974   4811 
 -1384  -6371  -7944  -6444  -6047  -7727  -1963    199  -1533  -3424  -2133  -1897   -472     88  10361  -1468      0   -354  -2423   7939  -3948  -2372  -6931  -9317  -8218  -5849  -8191  -5371  -5099  -4909 
 12790   6346   2846   5388   2974   5623  14114  11546  14912  10296  17622  20846  13163  10680  15414  25578   -354      0  21947  19696   3713   4403   3446    528   2899   2989   1555   2913    745   3195 
 12157   2847   3507   4584    797   4660  17876  15658  17514  15060  17403  16047  10532   9489  13150  15075  -2423  21947      0  20172   2138   2141   1721   -159   4532   2669    379   2714   2258   3807 
 10917   4303    201   2366    518   5389  13650   9983  15648   9658  17862  17805  12673  10388  28280  12941   7939  19696  20172      0   3348   3939   3854   -954   1299   1131    645   2478   -551    861 
  6447   7588   7365   6560   5092   9578   6538   4113   8644   1814   5277   6543   3654   5236   2341   5251  -3948   3713   2138   3348      0  34585   3188    162   2301   2824  -2260  -1364   -462    987 
  8104   8771   7612   8058   6241   9944   6980   3635  10475   2457   5231   5691   4259   5608   3291   6699  -2372   4403   2141   3939  34585      0   4563   1443   2736   3965  -1928    251    336   3156 
  4954  -1969  -2306  -3224  -2962   3955   3856   4873   3064   1592   2600   4641    248   -990   2776   3770  -6931   3446   1721   3854   3188   4563      0  26065   6606   1467   4375   9540  -1014  -1674 
  3051  -3834  -4337  -3450  -3958   4730   -249    921   2421   -403  -2387  -1575   -191  -3114   -727   1040  -9317    528   -159   -954    162   1443  26065      0   5578    483   3674   7828   -674  -2551 
  2978   -284   -840   -625    360   3930   3462   3466   5373    863   3254   3681  -2069  -3257    515   2593  -8218   2899   4532   1299   2301   2736   6606   5578      0   2001  -2405   4188  -1586  -3675 
   684   5761   4334   5709   2202   1019   5512   3531   3606   3303   4358   3350   4509   1288    279   4419  -5849   2989   2669   1131   2824   3965   1467    483   2001      0   7897  -1220   1137   3262 
 -1539  -3659  -4219  -3322  -2312  -1250   3339    266    997    847      6    854   -910  -4294  -1657   3088  -8191   1555    379    645  -2260  -1928   4375   3674  -2405   7897      0    267   -680   -560 
  4412  -2878  -3866   -448  -3818   1057   4198   -272   2136  -1030   1063    785  -2143  -5309   1675   1786  -5371   2913   2714   2478  -1364    251   9540   7828   4188  -1220    267      0   1387   -584 
  4900   -400  -1483  -1403  -3479    762   2563   5848   2744   3646   3749   3771   1554   1927    338   4974  -5099    745   2258   -551   -462    336  -1014   -674  -1586   1137   -680   1387      0   6101 
  2412    573   -476   1852   -910    134   5564   4889   4074   5230   3870   3085   2038    626   1470   4811  -4909   3195   3807    861    987   3156  -1674  -2551  -3675   3262   -560   -584   6101      0 
