     0   1724   1279   3006    467   5213   6776   4664  10737   7305  11541   9782   6890   4158   6933   8311  -1198   9690   9480   7943   3485   5332   2091   1005    287   -222  -2597    830   2950    618 
  1724      0  24646  27928  18149   3792   3890  -1425   4290  -1460   2518   1913  -1124   2380    920   4807  -6419   3866    659   1600   4440   5568  -2453  -4636  -3206   4690  -4606  -4045  -2525  -1405 
  1279  24646      0  24717  18472   2597   3067  -1534   3861  -1387   1500   1700    225   2174     85   4219  -7758    746   1343  -2063   4860   4839  -3605  -5490  -2705   3263  -5062  -4832  -3784  -2220 
  3006  27928  24717      0  19007   4047   3240  -2022   3289    108   1705   1423  -1933   1679   -388   4656  -6607   3187   2514     83   3662   5160  -4676  -4062  -3558   4638  -4165  -1271  -3473     25 
   467  18149  18472  19007      0   5394  -1081  -4024    503  -2845  -1192  -1004  -3064   2159   -607    699  -6210    930  -1407   -897   2426   3575  -4285  -5420  -2218   1131  -3155  -4307  -5557  -3003 
  5213   3792   2597   4047   5394      0   2197    256   2511   -468   3748   4233    742   1082   2049   5963  -7811   3704   2374   3217   6809   7175   2913   3030   2314   -248  -2353  -1469   -864  -1610 
  6776   3890   3067   3240  -1081   2197      0  17215  15867  18229  15125  14186   9173   8510   6036  10645  -2011  10627  13165   9443   4726   5070   1241  -2743    308   4441   2133   2219    618   3586 
  4664  -1425  -1534  -2022  -4024    256  17215      0  12790  19128  12645  12408   6299   7649   8366   8161     43   8703  12653   7216   2057   1579   1987  -1576   1153   2367   -691  -2412   3498   3095 
 10737   4290   3861   3289    503   2511  15867  12790      0  12114  14927  13739   7853   8000   9252  13356  -1457  11657  13397  11720   6192   8023    593    206   2698   2700    888    282    924   2046 
  7305  -1460  -1387    108  -2845   -468  18229  19128  12114      0  17506  16393   7472   6628   5670   9087  -3587   7832  11341   6129   -703    265   -904  -2640  -1553   2232   -387  -2806   2102   3137 
 11541   2518   1500   1705  -1192   3748  15125  12645  14927  17506      0  30863  12661  10186  10543  17068  -2140  14678  13597  14098   3108   2896    295  -4305    980   3482     48   -404   1486   1826 
  9782   1913   1700   1423  -1004   4233  14186  12408  13739  16393  30863      0  11829  11492  12946  15789  -2053  17037  13974  15785   4025   3173   2044  -3453    859   2184   -709   -986   1611   1041 
  6890  -1124    225  -1933  -3064    742   9173   6299   7853   7472  12661  11829      0  15745   7579   8147   -635  10604   8061   9939   1450   2055  -2108  -2060  -3625   3603  -1857  -4100     17    150 
  4158   2380   2174   1679   2159   1082   8510   7649   8000   6628  10186  11492  15745      0   9191   8048    -52   8656   7553   8440   3180   3552  -2320  -4556  -4386    382  -4991  -6752    482  -1076 
  6933    920     85   -388   -607   2049   6036   8366   9252   5670  10543  12946   7579   9191      0   8508  10205  12592  10365  25534    285   1235   -110  -2873  -1798   -887  -2614   -465  -1459   -666 
  8311   4807   4219   4656    699   5963  10645   8161  13356   9087  17068  15789   8147   8048   8508      0  -1624  22259  13112  11005   3232   4775   1576   -601    479   2836    356   -341   2906   2879 
 -1198  -6419  -7758  -6607  -6210  -7811  -2011     43  -1457  -3587  -2140  -2053   -635    -52  10205  -1624      0   -168  -2237   7776  -4045  -2528  -6781  -9131  -8032  -6012  -8513  -5419  -5262  -4723 
  9690   3866    746   3187    930   3704  10627   8703  11657   7832  14678  17037  10604   8656  12592  22259   -168      0  18257  15905   1440   2357   1349  -1422   -487   2311    586    458   -792   1054 
  9480    659   1343   2514  -1407   2374  13165  12653  13397  11341  13597  13974   8061   7553  10365  13112  -2237  18257      0  15361   -266   -291   -449  -2323   2244   1826    614    300    686   1981 
  7943   1600  -2063     83   -897   3217   9443   7216  11720   6129  14098  15785   9939   8440  25534  11005   7776  15905  15361      0   1291   1857    634  -2795  -1555    225    396    203  -2243  -1175 
  3485   4440   4860   3662   2426   6809   4726   2057   6192   -703   3108   4025   1450   3180    285   3232  -4045   1440   -266   1291      0  29807   1202  -1835    727   1918  -3198  -2173  -2525  -1282 
  5332   5568   4839   5160   3575   7175   5070   1579   8023    265   2896   3173   2055   3552   1235   4775  -2528   2357   -291   1857  29807      0   1892   -634   1162   3059  -2763   -619  -1727    882 
  2091  -2453  -3605  -4676  -4285   2913   1241   1987    593   -904    295   2044  -2108  -2320   -110   1576  -6781   1349   -449    634   1202   1892      0  20669   4017    604   2939   6062  -1881  -3078 
  1005  -4636  -5490  -4062  -5420   3030  -2743  -1576    206  -2640  -4305  -3453  -2060  -4556  -2873   -601  -9131  -1422  -2323  -2795  -1835   -634  20669      0   2544   -860   2386   5089  -1824  -3310 
   287  -3206  -2705  -3558  -2218   2314    308   1153   2698  -1553    980    859  -3625  -4386  -1798    479  -8032   -487   2244  -1555    727   1162   4017   2544      0    971  -3483   1708  -2759  -5022 
  -222   4690   3263   4638   1131   -248   4441   2367   2700   2232   3482   2184   3603    382   -887   2836  -6012   2311   1826    225   1918   3059    604   -860    971      0   5878  -2110    590   2195 
 -2597  -4606  -5062  -4165  -3155  -2353   2133   -691    888   -387     48   -709  -1857  -4991  -2614    356  -8513    586    614    396  -3198  -2763   2939   2386  -3483   5878      0  -1025  -1334  -1400 
   830  -4045  -4832  -1271  -4307  -1469   2219  -2412    282  -2806   -404   -986  -4100  -6752   -465   -341  -5419    458    300    203  -2173   -619   6062   5089   1708  -2110  -1025      0     76  -1671 
  2950  -2525  -3784  -3473  -5557   -864    618   3498    924   2102   1486   1611     17    482  -1459   2906  -5262   -792    686  -2243  -2525  -1727  -1881  -1824  -2759    590  -1334     76      0   4461 
   618  -1405  -2220     25  -3003  -1610   3586   3095   2046   3137   1826   1041    150  -1076   -666   2879  -4723   1054   1981  -1175  -1282    882  -3078  -3310  -5022   2195  -1400  -1671   4461      0 
