     0   -646  -1264     94  -2506    177  -1242   4202   6133   5327   9359   6391   7675   5352   3742   5440   7525   6223   4394    -52   2098   -140  -1926  -2372    325  -4509  -1676   2752   2259 
  -646      0  17020  19463   8852   -169  -4705  -1176   2074     31    910   1341    628   -578  -1129   1492    126   -998  -2438    811   2887  -1558  -1854  -3446   2969  -2837  -5826  -1348  -1112 
 -1264  17020      0  17613   9376   3702  -5304  -1427   2584   1408   4099    -77   2550   -575  -2414   3026   3392  -1021  -1764   3693   2544  -3175  -3306   -774   1872  -5030  -5541   -216   1960 
    94  19463  17613      0   9028   -103  -4657  -1353   1574    855   1144   1828   -976   -651  -1552   1926    174   1208  -3956   1243   2815  -3193  -3978  -2900   3909  -4434  -4671  -2138    550 
 -2506   8852   9376   9028      0   4686  -8720  -4613  -2870  -5228  -3265  -4340  -1656  -1251  -1854  -5019  -1189  -3288   -126   -655    853  -1674  -3518  -2402   -666     33  -5223  -5019  -3577 
   177   -169   3702   -103   4686      0  -8685  -2531  -1452  -2150  -1726  -2659   2472   1251   -923    461    600  -1704  -2567   3348   1395   1660   1333  -1679  -2850  -2984  -1977   -654   -744 
 -1242  -4705  -5304  -4657  -8720  -8685      0   4970   5874   4744   5839   5820   3030   2221   -730    977   1101   2640   -910  -3109  -2993  -8584 -10268  -6826  -2291  -7832  -7462  -3944  -1235 
  4202  -1176  -1427  -1353  -4613  -2531   4970      0   9022  12235  10535  11565   8104   7742   5341   5477   6685   9083   4688   -105    448  -2793  -5283  -2127   1087  -4215  -3875   1209   1497 
  6133   2074   2584   1574  -2870  -1452   5874   9022      0   8619   8920   8572   6860   5548   3254   8142   6592   5387   3101   4136   6291  -4411  -3053  -3205   -324  -3356  -4245   2503   3180 
  5327     31   1408    855  -5228  -2150   4744  12235   8619      0  12542  12199  10712   6868   3744   8121   7118   5913   5414    306    133  -2252  -4262    186   -155  -1598  -4413   2626   3767 
  9359    910   4099   1144  -3265  -1726   5839  10535   8920  12542      0  20147  10482   9944   7325   9831  10981   8916   9521   1021   1460  -2685  -4185    212    643  -3298  -3967   2889   4422 
  6391   1341    -77   1828  -4340  -2659   5820  11565   8572  12199  20147      0  10223  11794   8560   9053  10825  10415   8793   1152   1361  -2591  -3477  -2586    707  -5228  -4315   3570   4459 
  7675    628   2550   -976  -1656   2472   3030   8104   6860  10712  10482  10223      0  12746   6310   6951   8257   5928   7494   2659   2388  -1092  -1334   -259    320  -3096  -4947   4607   4728 
  5352   -578   -575   -651  -1251   1251   2221   7742   5548   6868   9944  11794  12746      0   9471   6737   7622   7282   8705   3026   3680  -4536  -4215  -5193  -1931  -4853  -3632   2978   3020 
  3742  -1129  -2414  -1552  -1854   -923   -730   5341   3254   3744   7325   8560   6310   9471      0   5299   7304   5043  17311   -147    913  -1927  -3724  -5439  -2349  -3869    573     32    377 
  5440   1492   3026   1926  -5019    461    977   5477   8142   8121   9831   9053   6951   6737   5299      0  16884   7461   5769    510   1654    134    284    -27     51   -893  -3276   5504   5456 
  7525    126   3392    174  -1189    600   1101   6685   6592   7118  10981  10825   8257   7622   7304  16884      0  12732   9127   1191    977   -840   -389   1050      5  -1635  -2320   3528   4321 
  6223   -998  -1021   1208  -3288  -1704   2640   9083   5387   5913   8916  10415   5928   7282   5043   7461  12732      0   6704    151   -128  -1181  -2652  -1659    840  -3043  -3990    570   2011 
  4394  -2438  -1764  -3956   -126  -2567   -910   4688   3101   5414   9521   8793   7494   8705  17311   5769   9127   6704      0  -1144  -1457   -218  -1423  -2411  -1894    -34  -1098   -140   -714 
   -52    811   3693   1243   -655   3348  -3109   -105   4136    306   1021   1152   2659   3026   -147    510   1191    151  -1144      0  19139   1046  -1124  -2803  -3580  -3506  -6275   -684   -209 
  2098   2887   2544   2815    853   1395  -2993    448   6291    133   1460   1361   2388   3680    913   1654    977   -128  -1457  19139      0  -2904  -2521  -3091   -628  -5350  -4569   -428    662 
  -140  -1558  -3175  -3193  -1674   1660  -8584  -2793  -4411  -2252  -2685  -2591  -1092  -4536  -1927    134   -840  -1181   -218   1046  -2904      0  15747  -3346   -713   2805   1495   -697  -3647 
 -1926  -1854  -3306  -3978  -3518   1333 -10268  -5283  -3053  -4262  -4185  -3477  -1334  -4215  -3724    284   -389  -2652  -1423  -1124  -2521  15747      0  -1838  -2632   1022   1986    311  -3508 
 -2372  -3446   -774  -2900  -2402  -1679  -6826  -2127  -3205    186    212  -2586   -259  -5193  -5439    -27   1050  -1659  -2411  -2803  -3091  -3346  -1838      0  -1240  -5548  -4187  -2289  -3097 
   325   2969   1872   3909   -666  -2850  -2291   1087   -324   -155    643    707    320  -1931  -2349     51      5    840  -1894  -3580   -628   -713  -2632  -1240      0  -3039  -4801   -591   1314 
 -4509  -2837  -5030  -4434     33  -2984  -7832  -4215  -3356  -1598  -3298  -5228  -3096  -4853  -3869   -893  -1635  -3043    -34  -3506  -5350   2805   1022  -5548  -3039      0  -3187  -2479  -2542 
 -1676  -5826  -5541  -4671  -5223  -1977  -7462  -3875  -4245  -4413  -3967  -4315  -4947  -3632    573  -3276  -2320  -3990  -1098  -6275  -4569   1495   1986  -4187  -4801  -3187      0  -2695  -3850 
  2752  -1348   -216  -2138  -5019   -654  -3944   1209   2503   2626   2889   3570   4607   2978     32   5504   3528    570   -140   -684   -428   -697    311  -2289   -591  -2479  -2695      0   3268 
  2259  -1112   1960    550  -3577   -744  -1235   1497   3180   3767   4422   4459   4728   3020    377   5456   4321   2011   -714   -209    662  -3647  -3508  -3097   1314  -2542  -3850   3268      0 
