     0   7273   6163   7353   3440  10920   2804  10672  10834   5527  11592  14893   7675  10061  10930  13868  14914   8316   7062   9572   9598   6202   5996   7666   3943   2283   6189   3934   2209 
  7273      0  24147  28351  12335   9832   1294   3625   5295    958   3913   7694   2482   4301   4548   9403   6698   2436   3081   7198   7008   1391    333   1772   7799   -504   1123   -126   1330 
  6163  24147      0  24740  11589   7612  -1115   3374   4729    942   2191   5867   2028   4244   3303   9033   4190   3101    534   9149   7700   -117   -448   1354   6992   -667   -585    613   1679 
  7353  28351  24740      0  11242   9848   1007   3448   4193   1205   4895   7814   1483   3785   3925   9837   6496   3418   1830   8204   6444    566   -680   2452   8057    329   1773   -877   1870 
  3440  12335  11589  11242      0   8905  -4915    110    553  -1981    321   1977   1205   2964   2271   2457    887   -832   -471   4802   8434    -75  -1866   1128   2726    179  -1680  -2781    601 
 10920   9832   7612   9848   8905      0  -3487   3420   2027  -1720   1258   6147   2706   6952   5065   7522   5743    527    707   8927   5795   3762   5787   4707   3259   1665   2700   -210   -365 
  2804   1294  -1115   1007  -4915  -3487      0   6967   7381   7755   9293   9318   4296   3712    728   5473   4455   7085   3627    610     22  -5855  -6958  -3684  -1591  -5225  -1773  -4044  -1080 
 10672   3625   3374   3448    110   3420   6967      0   8770  13225  10833  17620   7924  13451  12726  10086  12502   9896   5968   4877   2983   3237   1602   4650   6360   2788   2594   1199   1307 
 10834   5295   4729   4193    553   2027   7381   8770      0  12755  14371  14088   9599   6704   5873  12781  10128  11181  10645   4910   7993   2893   1847   4765   2171   -146   3044   4615   5458 
  5527    958    942   1205  -1981  -1720   7755  13225  12755      0  17277  13745  11240   7168   4744   7005   6198  10412   8389   -249   1509   -609  -3780   -735   1249   -391  -2052   4433   6086 
 11592   3913   2191   4895    321   1258   9293  10833  14371  17277      0  23291  13133   9944   8025  11805  11112  14646  14755   2585   4463   -962  -2747   1727   2491   -765   1140   5558   6535 
 14893   7694   5867   7814   1977   6147   9318  17620  14088  13745  23291      0  10718  16805  15415  18744  18684  10375  10331   8305   6168   2852   2091   6743   6187   3433   5547   4148   4459 
  7675   2482   2028   1483   1205   2706   4296   7924   9599  11240  13133  10718      0  13846   7842   6600   8049   9915  10913   1735   3474  -1011  -1401  -1137   2665  -2311  -2091   5027   6995 
 10061   4301   4244   3785   2964   6952   3712  13451   6704   7168   9944  16805  13846      0  14880  11354  12652   8041   9405   8035   6358    151   1476    743   3818   1037    867   2878   3350 
 10930   4548   3303   3925   2271   5065    728  12726   5873   4744   8025  15415   7842  14880      0  10708  13785   6165  17311   5330   3004   2817   1837   3119   3736   2208   5929    632    977 
 13868   9403   9033   9837   2457   7522   5473  10086  12781   7005  11805  18744   6600  11354  10708      0  22499  10036   8152   7552   6743   2655   4128   6476   6413   6049   5401   4319   5456 
 14914   6698   4190   6496    887   5743   4455  12502  10128   6198  11112  18684   8049  12652  13785  22499      0  14509  10847   5898   4359   5237   4199   5229   5189   2218   6323   1959   4221 
  8316   2436   3101   3418   -832    527   7085   9896  11181  10412  14646  10375   9915   8041   6165  10036  14509      0  15267    671   2273   2439    216   1808   2576   -547   1631   2510   4829 
  7062   3081    534   1830   -471    707   3627   5968  10645   8389  14755  10331  10913   9405  17311   8152  10847  15267      0    785   2061    951   -809     75   1364   -438   2419   1033   2253 
  9572   7198   9149   8204   4802   8927    610   4877   4910   -249   2585   8305   1735   8035   5330   7552   5898    671    785      0  21592   2867   2943   3684   1998     31   1533  -1973    -77 
  9598   7008   7700   6444   8434   5795     22   2983   7993   1509   4463   6168   3474   6358   3004   6743   4359   2273   2061  21592      0   3844   1716   2218   2393  -1071   1600    372   1924 
  6202   1391   -117    566    -75   3762  -5855   3237   2893   -609   -962   2852  -1011    151   2817   2655   5237   2439    951   2867   3844      0  15395   3042   3340   3291   5434   -156  -1169 
  5996    333   -448   -680  -1866   5787  -6958   1602   1847  -3780  -2747   2091  -1401   1476   1837   4128   4199    216   -809   2943   1716  15395      0   7170   1590   3523   8952   1208  -1676 
  7666   1772   1354   2452   1128   4707  -3684   4650   4765   -735   1727   6743  -1137    743   3119   6476   5229   1808     75   3684   2218   3042   7170      0   3278   -871   6537  -1330  -3515 
  3943   7799   6992   8057   2726   3259  -1591   6360   2171   1249   2491   6187   2665   3818   3736   6413   5189   2576   1364   1998   2393   3340   1590   3278      0   7024     51   1561   4210 
  2283   -504   -667    329    179   1665  -5225   2788   -146   -391   -765   3433  -2311   1037   2208   6049   2218   -547   -438     31  -1071   3291   3523   -871   7024      0   1379  -2349   -115 
  6189   1123   -585   1773  -1680   2700  -1773   2594   3044  -2052   1140   5547  -2091    867   5929   5401   6323   1631   2419   1533   1600   5434   8952   6537     51   1379      0   -921  -1631 
  3934   -126    613   -877  -2781   -210  -4044   1199   4615   4433   5558   4148   5027   2878    632   4319   1959   2510   1033  -1973    372   -156   1208  -1330   1561  -2349   -921      0   5108 
  2209   1330   1679   1870    601   -365  -1080   1307   5458   6086   6535   4459   6995   3350    977   5456   4221   4829   2253    -77   1924  -1169  -1676  -3515   4210   -115  -1631   5108      0 
