     0  10110  -5078  -2854   5308 -21140 -20738 -22240 -19198 -19764 -18810 
 10110      0   1500  -5556  -1792 -23148 -24086 -24012 -21736 -24568 -25116 
 -5078   1500      0   -142  -5550 -14000 -14400 -16690 -12076 -13338  -9778 
 -2854  -5556   -142      0  11446 -21556 -22714 -23776 -20236 -20184 -19212 
  5308  -1792  -5550  11446      0 -20906 -21156 -20118 -17608 -20618 -21310 
-21140 -23148 -14000 -21556 -20906      0  77104  81522  40468  82414  76514 
-20738 -24086 -14400 -22714 -21156  77104      0  89478  42324  82230  75320 
-22240 -24012 -16690 -23776 -20118  81522  89478      0  36908  79752  75808 
-19198 -21736 -12076 -20236 -17608  40468  42324  36908      0  41452  44340 
-19764 -24568 -13338 -20184 -20618  82414  82230  79752  41452      0  89746 
-18810 -25116  -9778 -19212 -21310  76514  75320  75808  44340  89746      0 
