     0   7206  -9122  -2966   1198 -21518 -19948 -20264 -18356 -18966 -18034 
  7206      0    178  -7882  -7264 -21302 -21862 -21214 -19398 -21956 -22136 
 -9122    178      0   -812  -6638 -14254 -13670 -14728 -12256 -12532  -8970 
 -2966  -7882   -812      0  13506 -16404 -17876 -18660 -17854 -15586 -16788 
  1198  -7264  -6638  13506      0 -18580 -18484 -17126 -16256 -17278 -17714 
-21518 -21302 -14254 -16404 -18580      0  64360  70832  29212  69202  64290 
-19948 -21862 -13670 -17876 -18484  64360      0  77144  29424  68230  61452 
-20264 -21214 -14728 -18660 -17126  70832  77144      0  26062  67806  62894 
-18356 -19398 -12256 -17854 -16256  29212  29424  26062      0  28940  31960 
-18966 -21956 -12532 -15586 -17278  69202  68230  67806  28940      0  76266 
-18034 -22136  -8970 -16788 -17714  64290  61452  62894  31960  76266      0 
