     0   5240   4504   5357   3618   8375   4185  10372  13753  10415  14887  12270  11464   9976   9583  11828  13227  12820  10048   7143   8164   4219   2110   5898   4325   1898   3995   7964   7086 
  5240      0  22064  24830  16283   6818    153   4203   8031   6169   5630   5630   5021   4718   6751   8648   7185   3888   4503   7782   9629   2306   -455   2258   8232  -1224   1819   4011   4455 
  4504  22064      0  23134  17030   6906   -963   3160   6646   5644   4926   4715   4126   4025   4282   7864   6310   4738   2300   7589   8093   -232  -2100   2606   6237  -1452    560   2900   4955 
  5357  24830  23134      0  16320   7483   -707   3369   5969   6314   6155   5142   3024   3765   5553   9189   6630   4918   2471   7375   8088   -251  -1958   2296   7097   -402   2076   2795   6298 
  3618  16283  17030  16320      0   9936  -2621   1850   4198   2515   1519   2351   1851   2999   3974   2105   2845   2174   1310   7412   8197  -1378  -2170   1789   3101   -193  -1256    867   1932 
  8375   6818   6906   7483   9936      0  -1226   4283   6209   3101   4527   4613   5163   6125   6097   6406   5346   3712   3592   6630   7955   4639   2500   3790   3868    930    192   2229   3408 
  4185    153   -963   -707  -2621  -1226      0   9806   9404   9619   9553   9311   7314   7018   3438   4377   5682   7995   4102    -61    277  -3674  -7431  -1356   -342  -4788   -497  -2507   2859 
 10372   4203   3160   3369   1850   4283   9806      0  13849  17293  16152  16244  11941  12491  10570  10790  11011  13259  10312   6049   5822   3035   -527   3231   6824   1191   3876   6429   7399 
 13753   8031   6646   5969   4198   6209   9404  13849      0  13134  14763  14115  10852  10179   9719  14740  13762  10471  10501   7876   9834   3613   2269   5594   6108   2693   2901   7886   9554 
 10415   6169   5644   6314   2515   3101   9619  17293  13134      0  17230  16981  12067  10924   9430  12944  11241  11569   9834   4354   5507   1922  -2451   3406   6788   3285    269   8306  11488 
 14887   5630   4926   6155   1519   4527   9553  16152  14763  17230      0  26903  13839  14765  11700  16012  15653  13671  14845   4958   5128   1296  -1144   5189   6678   3922   4454   7826   9520 
 12270   5630   4715   5142   2351   4613   9311  16244  14115  16981  26903      0  13804  16162  12972  15649  15774  13511  13978   5745   6032   1954   -544   4162   6905   2156   2537   7856   9681 
 11464   5021   4126   3024   1851   5163   7314  11941  10852  12067  13839  13804      0  17935  14154   9266  11757  12417  12307   4296   5623   4744   2463   2473   5170   1437   2986   5743   9506 
  9976   4718   4025   3765   2999   6125   7018  12491  10179  10924  14765  16162  17935      0  14465  12625  12070  12983  14307   6766   6915   2803     -7   2863   5031    826   1528   9172   8503 
  9583   6751   4282   5553   3974   6097   3438  10570   9719   9430  11700  12972  14154  14465      0  10257  12654  11769  22324   5889   7001   5408    546   3863   3754   1467   4872   4704   5966 
 11828   8648   7864   9189   2105   6406   4377  10790  14740  12944  16012  15649   9266  12625  10257      0  21646  11282  11134   6424   7292   2350   2205   4299   5597   3319   4255   9222  12035 
 13227   7185   6310   6630   2845   5346   5682  11011  13762  11241  15653  15774  11757  12070  12654  21646      0  17991  13865   5054   6867   3998   2046   5820   7587   2819   4971   7950   9940 
 12820   3888   4738   4918   2174   3712   7995  13259  10471  11569  13671  13511  12417  12983  11769  11282  17991      0  14140   4156   4458   3457    156   6308   4380   2498   4898   3839   6589 
 10048   4503   2300   2471   1310   3592   4102  10312  10501   9834  14845  13978  12307  14307  22324  11134  13865  14140      0   3696   4962   3276    482   3849   3813   2928   5499   5073   6035 
  7143   7782   7589   7375   7412   6630    -61   6049   7876   4354   4958   5745   4296   6766   5889   6424   5054   4156   3696      0  25787   2725    758   2939   3716   -630    698   3232   4266 
  8164   9629   8093   8088   8197   7955    277   5822   9834   5507   5128   6032   5623   6915   7001   7292   6867   4458   4962  25787      0   2305   1234   5252   4331    305   1455   4230   6374 
  4219   2306   -232   -251  -1378   4639  -3674   3035   3613   1922   1296   1954   4744   2803   5408   2350   3998   3457   3276   2725   2305      0  17359   5225   3234   4158   7961   2719   3851 
  2110   -455  -2100  -1958  -2170   2500  -7431   -527   2269  -2451  -1144   -544   2463     -7    546   2205   2046    156    482    758   1234  17359      0   5010    835   2322   7053   2648    593 
  5898   2258   2606   2296   1789   3790  -1356   3231   5594   3406   5189   4162   2473   2863   3863   4299   5820   6308   3849   2939   5252   5225   5010      0   2876   -799   5427    551   1870 
  4325   8232   6237   7097   3101   3868   -342   6824   6108   6788   6678   6905   5170   5031   3754   5597   7587   4380   3813   3716   4331   3234    835   2876      0   5857    253   7865   9557 
  1898  -1224  -1452   -402   -193    930  -4788   1191   2693   3285   3922   2156   1437    826   1467   3319   2819   2498   2928   -630    305   4158   2322   -799   5857      0    562    697   3664 
  3995   1819    560   2076  -1256    192   -497   3876   2901    269   4454   2537   2986   1528   4872   4255   4971   4898   5499    698   1455   7961   7053   5427    253    562      0   2199   3643 
  7964   4011   2900   2795    867   2229  -2507   6429   7886   8306   7826   7856   5743   9172   4704   9222   7950   3839   5073   3232   4230   2719   2648    551   7865    697   2199      0  10496 
  7086   4455   4955   6298   1932   3408   2859   7399   9554  11488   9520   9681   9506   8503   5966  12035   9940   6589   6035   4266   6374   3851    593   1870   9557   3664   3643  10496      0 
