     0   5003   3970   5214   3233   8913   8991  10048  13189  10031  14415  12132  11060   9508   9221  11383  12403  12185   9774   6812   7815   3420   1278   5098   4562   1329   3955   8210   6625 
  5003      0  23122  26061  16375   6582   6611   4740   7652   5149   4887   4880   4101   4444   6885   7730   6816   3925   4917   7523   9607   1731  -1105   2287   8117  -1716   1058   3896   4511 
  3970  23122      0  23911  17589   7059   4310   3653   6438   4618   4445   4230   3679   3811   3941   7493   5952   4141   1609   7751   8145   -500  -2687   2104   6079  -2571   -247   2503   4344 
  5214  26061  23911      0  16123   6897   4821   3522   5484   5482   5579   4626   2662   4061   5838   8423   5879   5016   3029   6996   7844   -938  -2137   2045   6774   -876   1029   2405   5948 
  3233  16375  17589  16123      0   9692   2625   1837   4252   2481   1548   2368   1478   3387   3560   2701   3239   2445    782   6540   7411  -1814  -2881   1353   2794   -958  -1771    722   2315 
  8913   6582   7059   6897   9692      0   4587   4174   5477   2591   4901   4978   4032   5705   5572   6652   5228   3997   3349   7475   8186   4191   1499   3234   3671    331   -504   2329   2958 
  8991   6611   4310   4821   2625   4587      0  17467  14612  16695  16034  16109  15654  14302  10294  11051  13543  13568  11577   3783   4688   2511   -375   3602   6702   1751   4639   5628   9736 
 10048   4740   3653   3522   1837   4174  17467      0  14356  17943  16419  16374  11546  13145  11132  11495  11718  13908  10443   6292   5818   2579   -992   2899   6440   1183   3142   6457   7789 
 13189   7652   6438   5484   4252   5477  14612  14356      0  12838  14444  13794  10686  10179   9706  14180  13206  11054  10474   7312   9510   3360   2851   5540   6106   2999   2229   8159   9217 
 10031   5149   4618   5482   2481   2591  16695  17943  12838      0  18662  18414  12639  12071   9281  13273  11789  12834   9570   3635   4572   1993  -2383   3057   7384   2415    341   7977  10665 
 14415   4887   4445   5579   1548   4901  16034  16419  14444  18662      0  28471  14295  15421  12467  17134  16989  14642  15952   5174   4554   1628  -1997   4417   7443   3582   3693   6935   8850 
 12132   4880   4230   4626   2368   4978  16109  16374  13794  18414  28471      0  14723  16827  13745  16774  17118  14247  15085   5583   5197   2294  -1121   3387   7492   1815   1776   6721   9015 
 11060   4101   3679   2662   1478   4032  15654  11546  10686  12639  14295  14723      0  18594  14543   9719  12914  13618  12578   3469   5075   3934   2576   2377   4976   1254   3235   5299   8687 
  9508   4444   3811   4061   3387   5705  14302  13145  10179  12071  15421  16827  18594      0  14604  13595  13145  13705  14338   6016   6126   2671   -156   2723   4636   -149   1291   8425   8412 
  9221   6885   3941   5838   3560   5572  10294  11132   9706   9281  12467  13745  14543  14604      0  11214  13618  12504  23507   4502   5931   4910   -239   3653   2687    558   4352   4034   5776 
 11383   7730   7493   8423   2701   6652  11051  11495  14180  13273  17134  16774   9719  13595  11214      0  23106  12426  12003   6339   6958   2730   1667   4059   5585   2807   3435   8084  11673 
 12403   6816   5952   5879   3239   5228  13543  11718  13206  11789  16989  17118  12914  13145  13618  23106      0  19134  14735   4362   5887   3990   1530   5215   7774   2209   4131   6776   9877 
 12185   3925   4141   5016   2445   3997  13568  13908  11054  12834  14642  14247  13618  13705  12504  12426  19134      0  14762   3226   3631   2994   -239   6427   3702   2923   4673   3833   6681 
  9774   4917   1609   3029    782   3349  11577  10443  10474   9570  15952  15085  12578  14338  23507  12003  14735  14762      0   2595   4175   3237   -413   3641   3026   2308   4993   4420   5735 
  6812   7523   7751   6996   6540   7475   3783   6292   7312   3635   5174   5583   3469   6016   4502   6339   4362   3226   2595      0  26022   1999     49   2681   4302  -1484    -62   3320   3597 
  7815   9607   8145   7844   7411   8186   4688   5818   9510   4572   4554   5197   5075   6126   5931   6958   5887   3631   4175  26022      0   1884    519   4747   4400   -269    860   4152   6186 
  3420   1731   -500   -938  -1814   4191   2511   2579   3360   1993   1628   2294   3934   2671   4910   2730   3990   2994   3237   1999   1884      0  17494   4867   2918   3966   7855   1704   3359 
  1278  -1105  -2687  -2137  -2881   1499   -375   -992   2851  -2383  -1997  -1121   2576   -156   -239   1667   1530   -239   -413     49    519  17494      0   4425    351   1108   6578   2167    167 
  5098   2287   2104   2045   1353   3234   3602   2899   5540   3057   4417   3387   2377   2723   3653   4059   5215   6427   3641   2681   4747   4867   4425      0   2243  -1027   6089    434   1759 
  4562   8117   6079   6774   2794   3671   6702   6440   6106   7384   7443   7492   4976   4636   2687   5585   7774   3702   3026   4302   4400   2918    351   2243      0   6640   -248   7599   8731 
  1329  -1716  -2571   -876   -958    331   1751   1183   2999   2415   3582   1815   1254   -149    558   2807   2209   2923   2308  -1484   -269   3966   1108  -1027   6640      0    112    452   2998 
  3955   1058   -247   1029  -1771   -504   4639   3142   2229    341   3693   1776   3235   1291   4352   3435   4131   4673   4993    -62    860   7855   6578   6089   -248    112      0   2251   3415 
  8210   3896   2503   2405    722   2329   5628   6457   8159   7977   6935   6721   5299   8425   4034   8084   6776   3833   4420   3320   4152   1704   2167    434   7599    452   2251      0  10353 
  6625   4511   4344   5948   2315   2958   9736   7789   9217  10665   8850   9015   8687   8412   5776  11673   9877   6681   5735   3597   6186   3359    167   1759   8731   2998   3415  10353      0 
