     0   5003   3970   5214   3233   8913   8991  10048  13189  10031  14415  12132  11060   9508   9221  11383  12403  12185   9774   6812   7815   3420   1278   5098 
  5003      0  23122  26061  16375   6582   6611   4740   7652   5149   4887   4880   4101   4444   6885   7730   6816   3925   4917   7523   9607   1731  -1105   2287 
  3970  23122      0  23911  17589   7059   4310   3653   6438   4618   4445   4230   3679   3811   3941   7493   5952   4141   1609   7751   8145   -500  -2687   2104 
  5214  26061  23911      0  16123   6897   4821   3522   5484   5482   5579   4626   2662   4061   5838   8423   5879   5016   3029   6996   7844   -938  -2137   2045 
  3233  16375  17589  16123      0   9692   2625   1837   4252   2481   1548   2368   1478   3387   3560   2701   3239   2445    782   6540   7411  -1814  -2881   1353 
  8913   6582   7059   6897   9692      0   4587   4174   5477   2591   4901   4978   4032   5705   5572   6652   5228   3997   3349   7475   8186   4191   1499   3234 
  8991   6611   4310   4821   2625   4587      0  17467  14612  16695  16034  16109  15654  14302  10294  11051  13543  13568  11577   3783   4688   2511   -375   3602 
 10048   4740   3653   3522   1837   4174  17467      0  14356  17943  16419  16374  11546  13145  11132  11495  11718  13908  10443   6292   5818   2579   -992   2899 
 13189   7652   6438   5484   4252   5477  14612  14356      0  12838  14444  13794  10686  10179   9706  14180  13206  11054  10474   7312   9510   3360   2851   5540 
 10031   5149   4618   5482   2481   2591  16695  17943  12838      0  18662  18414  12639  12071   9281  13273  11789  12834   9570   3635   4572   1993  -2383   3057 
 14415   4887   4445   5579   1548   4901  16034  16419  14444  18662      0  28471  14295  15421  12467  17134  16989  14642  15952   5174   4554   1628  -1997   4417 
 12132   4880   4230   4626   2368   4978  16109  16374  13794  18414  28471      0  14723  16827  13745  16774  17118  14247  15085   5583   5197   2294  -1121   3387 
 11060   4101   3679   2662   1478   4032  15654  11546  10686  12639  14295  14723      0  18594  14543   9719  12914  13618  12578   3469   5075   3934   2576   2377 
  9508   4444   3811   4061   3387   5705  14302  13145  10179  12071  15421  16827  18594      0  14604  13595  13145  13705  14338   6016   6126   2671   -156   2723 
  9221   6885   3941   5838   3560   5572  10294  11132   9706   9281  12467  13745  14543  14604      0  11214  13618  12504  23507   4502   5931   4910   -239   3653 
 11383   7730   7493   8423   2701   6652  11051  11495  14180  13273  17134  16774   9719  13595  11214      0  23106  12426  12003   6339   6958   2730   1667   4059 
 12403   6816   5952   5879   3239   5228  13543  11718  13206  11789  16989  17118  12914  13145  13618  23106      0  19134  14735   4362   5887   3990   1530   5215 
 12185   3925   4141   5016   2445   3997  13568  13908  11054  12834  14642  14247  13618  13705  12504  12426  19134      0  14762   3226   3631   2994   -239   6427 
  9774   4917   1609   3029    782   3349  11577  10443  10474   9570  15952  15085  12578  14338  23507  12003  14735  14762      0   2595   4175   3237   -413   3641 
  6812   7523   7751   6996   6540   7475   3783   6292   7312   3635   5174   5583   3469   6016   4502   6339   4362   3226   2595      0  26022   1999     49   2681 
  7815   9607   8145   7844   7411   8186   4688   5818   9510   4572   4554   5197   5075   6126   5931   6958   5887   3631   4175  26022      0   1884    519   4747 
  3420   1731   -500   -938  -1814   4191   2511   2579   3360   1993   1628   2294   3934   2671   4910   2730   3990   2994   3237   1999   1884      0  17494   4867 
  1278  -1105  -2687  -2137  -2881   1499   -375   -992   2851  -2383  -1997  -1121   2576   -156   -239   1667   1530   -239   -413     49    519  17494      0   4425 
  5098   2287   2104   2045   1353   3234   3602   2899   5540   3057   4417   3387   2377   2723   3653   4059   5215   6427   3641   2681   4747   4867   4425      0 
