     0   4239   4610   5404   1092   4881   -105   8604  12318   8288  12507  10138  10179   7263   6836  10466  11514  11783   7801   5594   7154   1700     88   4687 
  4239      0  19712  22176  11907   3912  -4209   4640   6448   3604   4959   4579   4223   3508   4597   7416   5492   3769   3390   6047   7757    -57  -2777   1208 
  4610  19712      0  20552  12333   3564  -3119   2903   5359   3293   3714   3776   2795   4060   2980   6580   4739   5096    788   5642   5813  -1626  -3306   1388 
  5404  22176  20552      0  11538   4262  -4221   3166   4601   4343   5774   4387   1936   3259   3787   7158   5024   4433   1773   5332   5868  -1691  -3552   1127 
  1092  11907  12333  11538      0   8456  -6121  -1153    887  -2087  -1491   -965    656   1547   -141   -847  -1056     10  -1078   4216   5198  -3032  -3993   1434 
  4881   3912   3564   4262   8456      0  -5423    106   3001   -649   1254    530   2755   3541    658   3137   1850    734  -1672   3167   4969   2026    696   2496 
  -105  -4209  -3119  -4221  -6121  -5423      0   4313   5218   4503   6111   6092   3030   3123   -643   1249   1785   3435   -537   -542   -926  -7732 -10562  -6761 
  8604   4640   2903   3166  -1153    106   4313      0  11604  14940  14212  14105  10704  10011   8301   9021   9074  11767   8053   3915   4135    112  -2100   1859 
 12318   6448   5359   4601    887   3001   5218  11604      0  10507  12604  11663   9566   7577   6862  13222  12306   8879   7649   6455   8282   2879    680   4370 
  8288   3604   3293   4343  -2087   -649   4503  14940  10507      0  15089  14721  10390   9434   6757  10749   9118   9314   7137   1718   2964   -535  -4404   1145 
 12507   4959   3714   5774  -1491   1254   6111  14212  12604  15089      0  24119  12422  12685   9414  14472  13481  11745  11946   2702   3030   -904  -2763   3262 
 10138   4579   3776   4387   -965    530   6092  14105  11663  14721  24119      0  12482  13903  10529  13792  13357  11898  11212   3307   3771   -650  -2768   2501 
 10179   4223   2795   1936    656   2755   3030  10704   9566  10390  12422  12482      0  15351  10101   8248  10643   9922   8336   3036   4507   2750   1331    827 
  7263   3508   4060   3259   1547   3541   3123  10011   7577   9434  12685  13903  15351      0  12206  10312   9379  10245  11918   4604   5384    825   -890   -156 
  6836   4597   2980   3787   -141    658   -643   8301   6862   6757   9414  10529  10101  12206      0   8394  10098   8321  19918   3974   5104   3711     91    204 
 10466   7416   6580   7158   -847   3137   1249   9021  13222  10749  14472  13792   8248  10312   8394      0  19007   9894   9021   3619   5322    536      9   2076 
 11514   5492   4739   5024  -1056   1850   1785   9074  12306   9118  13481  13357  10643   9379  10098  19007      0  15359  11002   3052   5219   2879   -355   4043 
 11783   3769   5096   4433     10    734   3435  11767   8879   9314  11745  11898   9922  10245   8321   9894  15359      0  10843   3104   3498    858  -1053   4747 
  7801   3390    788   1773  -1078  -1672   -537   8053   7649   7137  11946  11212   8336  11918  19918   9021  11002  10843      0   2415   3456   3688     16    555 
  5594   6047   5642   5332   4216   3167   -542   3915   6455   1718   2702   3307   3036   4604   3974   3619   3052   3104   2415      0  22629   2392    487   1759 
  7154   7757   5813   5868   5198   4969   -926   4135   8282   2964   3030   3771   4507   5384   5104   5322   5219   3498   3456  22629      0    855   -624   4121 
  1700    -57  -1626  -1691  -3032   2026  -7732    112   2879   -535   -904   -650   2750    825   3711    536   2879    858   3688   2392    855      0  15463   1156 
    88  -2777  -3306  -3552  -3993    696 -10562  -2100    680  -4404  -2763  -2768   1331   -890     91      9   -355  -1053     16    487   -624  15463      0    711 
  4687   1208   1388   1127   1434   2496  -6761   1859   4370   1145   3262   2501    827   -156    204   2076   4043   4747    555   1759   4121   1156    711      0 
