     0   5240   4504   5357   3618   8375   4185  10372  13753  10415  14887  12270  11464   9976   9583  11828  13227  12820  10048   7143   8164   4219   2110   5898 
  5240      0  22064  24830  16283   6818    153   4203   8031   6169   5630   5630   5021   4718   6751   8648   7185   3888   4503   7782   9629   2306   -455   2258 
  4504  22064      0  23134  17030   6906   -963   3160   6646   5644   4926   4715   4126   4025   4282   7864   6310   4738   2300   7589   8093   -232  -2100   2606 
  5357  24830  23134      0  16320   7483   -707   3369   5969   6314   6155   5142   3024   3765   5553   9189   6630   4918   2471   7375   8088   -251  -1958   2296 
  3618  16283  17030  16320      0   9936  -2621   1850   4198   2515   1519   2351   1851   2999   3974   2105   2845   2174   1310   7412   8197  -1378  -2170   1789 
  8375   6818   6906   7483   9936      0  -1226   4283   6209   3101   4527   4613   5163   6125   6097   6406   5346   3712   3592   6630   7955   4639   2500   3790 
  4185    153   -963   -707  -2621  -1226      0   9806   9404   9619   9553   9311   7314   7018   3438   4377   5682   7995   4102    -61    277  -3674  -7431  -1356 
 10372   4203   3160   3369   1850   4283   9806      0  13849  17293  16152  16244  11941  12491  10570  10790  11011  13259  10312   6049   5822   3035   -527   3231 
 13753   8031   6646   5969   4198   6209   9404  13849      0  13134  14763  14115  10852  10179   9719  14740  13762  10471  10501   7876   9834   3613   2269   5594 
 10415   6169   5644   6314   2515   3101   9619  17293  13134      0  17230  16981  12067  10924   9430  12944  11241  11569   9834   4354   5507   1922  -2451   3406 
 14887   5630   4926   6155   1519   4527   9553  16152  14763  17230      0  26903  13839  14765  11700  16012  15653  13671  14845   4958   5128   1296  -1144   5189 
 12270   5630   4715   5142   2351   4613   9311  16244  14115  16981  26903      0  13804  16162  12972  15649  15774  13511  13978   5745   6032   1954   -544   4162 
 11464   5021   4126   3024   1851   5163   7314  11941  10852  12067  13839  13804      0  17935  14154   9266  11757  12417  12307   4296   5623   4744   2463   2473 
  9976   4718   4025   3765   2999   6125   7018  12491  10179  10924  14765  16162  17935      0  14465  12625  12070  12983  14307   6766   6915   2803     -7   2863 
  9583   6751   4282   5553   3974   6097   3438  10570   9719   9430  11700  12972  14154  14465      0  10257  12654  11769  22324   5889   7001   5408    546   3863 
 11828   8648   7864   9189   2105   6406   4377  10790  14740  12944  16012  15649   9266  12625  10257      0  21646  11282  11134   6424   7292   2350   2205   4299 
 13227   7185   6310   6630   2845   5346   5682  11011  13762  11241  15653  15774  11757  12070  12654  21646      0  17991  13865   5054   6867   3998   2046   5820 
 12820   3888   4738   4918   2174   3712   7995  13259  10471  11569  13671  13511  12417  12983  11769  11282  17991      0  14140   4156   4458   3457    156   6308 
 10048   4503   2300   2471   1310   3592   4102  10312  10501   9834  14845  13978  12307  14307  22324  11134  13865  14140      0   3696   4962   3276    482   3849 
  7143   7782   7589   7375   7412   6630    -61   6049   7876   4354   4958   5745   4296   6766   5889   6424   5054   4156   3696      0  25787   2725    758   2939 
  8164   9629   8093   8088   8197   7955    277   5822   9834   5507   5128   6032   5623   6915   7001   7292   6867   4458   4962  25787      0   2305   1234   5252 
  4219   2306   -232   -251  -1378   4639  -3674   3035   3613   1922   1296   1954   4744   2803   5408   2350   3998   3457   3276   2725   2305      0  17359   5225 
  2110   -455  -2100  -1958  -2170   2500  -7431   -527   2269  -2451  -1144   -544   2463     -7    546   2205   2046    156    482    758   1234  17359      0   5010 
  5898   2258   2606   2296   1789   3790  -1356   3231   5594   3406   5189   4162   2473   2863   3863   4299   5820   6308   3849   2939   5252   5225   5010      0 
