     0   -379  -1014   -299  -1298   1727  -1242   4102   5933   5527   9259   6291   7675   5352   4433   5340   7525   6360   5094    248   1602   -533  -2158  -2022 
  -379      0  17020  19463  11052   1429  -4105   -676   2765    698   1410    986   1228      0    247   2100   1001  -1320   -920    733   2601  -3098  -3399  -3544 
 -1014  17020      0  17613  11576   1444  -4508   -927   3163    738    685    423   1527    -57   -998   2210    -58     22  -2725   2111   3038  -3315  -3506  -3038 
  -299  19463  17613      0  10792   1445  -4207   -853   2024   1205   1394   1106   -378   -516   -376   2526    524    189  -2746   1534   2864  -3815  -4178  -2990 
 -1298  11052  11576  10792      0   4486  -7070  -2940  -1329  -3611  -2684  -1967   -654    199   -494  -3470  -2677  -2700  -1882    832   2098  -4059  -5120  -3907 
  1727   1429   1444   1445   4486      0  -7247   -881     98  -1720   -957   -483   2706   2651    764    345    144   -304  -1766   1651   3016   -407   -199  -3093 
 -1242  -4105  -4508  -4207  -7070  -7247      0   5758   5215   6682   5856   5720   3030   2921     78   1033   1687   2906     90  -3209  -2979  -7184 -10165  -6692 
  4102   -676   -927   -853  -2940   -881   5758      0   8412  12035  10435  11465   7924   8742   6095   5377   6585   8883   5449    168    348  -1393  -3933  -1527 
  5933   2765   3163   2024  -1329     98   5215   8412      0   8851   8620   8272   6731   5860   4012   7842   6442   5191   3501   4076   6291  -3111  -2056  -2118 
  5527    698    738   1205  -3611  -1720   6682  12035   8851      0  12511  12399   9236   7168   4744   7005   6198   6164   4404   -910    -67  -2726  -5405  -2664 
  9259   1410    685   1394  -2684   -957   5856  10435   8620  12511      0  20147  10482   9944   8025   9831  10433   8916  10221   1013    567  -3387  -4999  -1870 
  6291    986    423   1106  -1967   -483   5720  11465   8272  12399  20147      0  10206  11600   9260   9053  10825   9070   9393   1452   1261  -1903  -4180  -2211 
  7675   1228   1527   -378   -654   2706   3030   7924   6731   9236  10482  10206      0  13846   7842   5727   6673   5728   6528   1735   2288  -1574  -1977  -2968 
  5352      0    -57   -516    199   2651   2921   8742   5860   7168   9944  11600  13846      0  10171   6645   7922   8041   9405   3326   3580  -2903  -3854  -4587 
  4433    247   -998   -376   -494    764     78   6095   4012   4744   8025   9260   7842  10171      0   5999   8004   6018  17311    621   1071  -1331  -3698  -3058 
  5340   2100   2210   2526  -3470    345   1033   5377   7842   7005   9831   9053   5727   6645   5999      0  15300   7693   5245   -305   1554  -1738  -1027  -2027 
  7525   1001    -58    524  -2677    144   1687   6585   6442   6198  10433  10825   6673   7922   8004  15300      0  12782   8343    -93    777  -2080  -2059  -2180 
  6360  -1320     22    189  -2700   -304   2906   8883   5191   6164   8916   9070   5728   8041   6018   7693  12782      0   7731   -303   -228  -1827  -4205  -1302 
  5094   -920  -2725  -2746  -1882  -1766     90   5449   3501   4404  10221   9393   6528   9405  17311   5245   8343   7731      0  -1653  -1172  -2202  -4368  -3736 
   248    733   2111   1534    832   1651  -3209    168   4076   -910   1013   1452   1735   3326    621   -305    -93   -303  -1653      0  18939  -1430  -3327  -3992 
  1602   2601   3038   2864   2098   3016  -2979    348   6291    -67    567   1261   2288   3580   1071   1554    777   -228  -1172  18939      0  -1604  -2039  -2558 
  -533  -3098  -3315  -3815  -4059   -407  -7184  -1393  -3111  -2726  -3387  -1903  -1574  -2903  -1331  -1738  -2080  -1827  -2202  -1430  -1604      0  12631  -1928 
 -2158  -3399  -3506  -4178  -5120   -199 -10165  -3933  -2056  -5405  -4999  -4180  -1977  -3854  -3698  -1027  -2059  -4205  -4368  -3327  -2039  12631      0   -838 
 -2022  -3544  -3038  -2990  -3907  -3093  -6692  -1527  -2118  -2664  -1870  -2211  -2968  -4587  -3058  -2027  -2180  -1302  -3736  -3992  -2558  -1928   -838      0 
