     0   3922  -1014   -299  -1298   1727   -634  10672  12430  11274  15414  12446  13830  10061  10930  10049  12255   6360  11591   4957   1602   4288   3243   4021 
  3922      0  17020  19463  11052   1429  -3347   3625   7066   5396   5711   5287   5529   4301   4548   6401   5699  -1320   3381   5034   2601    882  -1013    848 
 -1014  17020      0  17613  11576   1444  -4508   -927   3163    738    685    423   1527    -57   -998   2210    -58     22  -2725   2111   3038  -3315  -3506  -3038 
  -299  19463  17613      0  10792   1445  -4207   -853   2024   1205   1394   1106   -378   -516   -376   2526    524    189  -2746   1534   2864  -3815  -4178  -2990 
 -1298  11052  11576  10792      0   4486  -7070  -2940  -1329  -3611  -2684  -1967   -654    199   -494  -3470  -2677  -2700  -1882    832   4356  -4059  -5120  -3907 
  1727   1429   1444   1445   4486      0  -7247   -881     98  -1720   -957   -483   2706   2651    764    345    144   -304  -1766   1651   3016   -407   -199  -3093 
  -634  -3347  -4508  -4207  -7070  -7247      0   6540   6373   7861   6638   6317   3511   3190    207   1815   2866   2906    726  -2948  -2979  -7184  -9212  -5516 
 10672   3625   -927   -853  -2940   -881   6540      0  14909  17782  16590  17620  14079  13451  12726  10086  11315   8883  11946   4877    348   3428   1602   4650 
 12430   7066   3163   2024  -1329     98   6373  14909      0  14598  14775  14427  12886  10569  10373  12551  11172   5191   9862   8785   6291   2855   3315   4026 
 11274   5396    738   1205  -3611  -1720   7861  17782  14598      0  18218  18106  14943  11469  10491  11306  10896   6164  10151   3391    -67   1613   -412   3051 
 15414   5711    685   1394  -2684   -957   6638  16590  14775  18218      0  26758  16597  15149  14180  14540  15659   8916  16376   5722    567   1964    932   4783 
 12446   5287    423   1106  -1967   -483   6317  17620  14427  18106  26758      0  16321  16805  15415  13762  16051   9070  15548   6161   1261   3448   1751   4442 
 13830   5529   1527   -378   -654   2706   3511  14079  12886  14943  16597  16321      0  18555  13997  10436  11403   5728  12683   6444   2288   3247   3424   3155 
 10061   4301    -57   -516    199   2651   3190  13451  10569  11469  15149  16805  18555      0  14880  11354  13148   8041  14114   8035   3580   2448   1476    743 
 10930   4548   -998   -376   -494    764    207  12726  10373  10491  14180  15415  13997  14880      0  10708  12734   6018  23672   5330   1071   3520   1837   3119 
 10049   6401   2210   2526  -3470    345   1815  10086  12551  11306  14540  13762  10436  11354  10708      0  20030   7693   9954   4404   1554   3083   3773   2773 
 12255   5699    -58    524  -2677    144   2866  11315  11172  10896  15659  16051  11403  13148  12734  20030      0  12782  13073   4637    777   3218   3292   3171 
  6360  -1320     22    189  -2700   -304   2906   8883   5191   6164   8916   9070   5728   8041   6018   7693  12782      0   7731   -303   -228  -1827  -4205  -1302 
 11591   3381  -2725  -2746  -1882  -1766    726  11946   9862  10151  16376  15548  12683  14114  23672   9954  13073   7731      0   3056  -1172   2459   1033   2307 
  4957   5034   2111   1534    832   1651  -2948   4877   8785   3391   5722   6161   6444   8035   5330   4404   4637   -303   3056      0  18939   3309   1473    808 
  1602   2601   3038   2864   4356   3016  -2979    348   6291    -67    567   1261   2288   3580   1071   1554    777   -228  -1172  18939      0  -1604  -2039  -2558 
  4288    882  -3315  -3815  -4059   -407  -7184   3428   2855   1613   1964   3448   3247   2448   3520   3083   3218  -1827   2459   3309  -1604      0  18276   2882 
  3243  -1013  -3506  -4178  -5120   -199  -9212   1602   3315   -412    932   1751   3424   1476   1837   3773   3292  -4205   1033   1473  -2039  18276      0   4787 
  4021    848  -3038  -2990  -3907  -3093  -5516   4650   4026   3051   4783   4442   3155    743   3119   2773   3171  -1302   2307    808  -2558   2882   4787      0 
