     0   3922   3287   4002   3003   6028   -634  10672  12430  11274  15414  12446  13830  10061  10930  10049  12255  12878  11591   4957   6311   4288   3243   4021 
  3922      0  21718  24161  15750   6127  -3347   3625   7066   5396   5711   5287   5529   4301   4548   6401   5699   3305   3381   5034   6902    882  -1013    848 
  3287  21718      0  22311  16274   6142  -3538   3374   7464   5436   4986   4724   5828   4244   3303   6511   4640   4647   1576   6412   7339    390   -448   1354 
  4002  24161  22311      0  15490   6143  -3523   3448   6325   5903   5695   5407   3923   3785   3925   6827   5222   4814   1555   5835   7165   -369  -2026   1402 
  3003  15750  16274  15490      0   9184  -7070   1361   2972   1087   1617   2334   3647   4500   3807    831   2021   1925   2254   5133   6399  -1222  -2569    197 
  6028   6127   6142   6143   9184      0  -6630   3420   4399   2978   3344   3818   7007   6952   5065   4646   4842   4321   2535   5952   7317   2685   2253   1299 
  -634  -3347  -3538  -3523  -7070  -6630      0   6540   6373   7861   6638   6317   3511   3190    207   1815   2866   4105    726  -2948  -2979  -7184  -9212  -5516 
 10672   3625   3374   3448   1361   3420   6540      0  14909  17782  16590  17620  14079  13451  12726  10086  11315  15401  11946   4877   5057   3428   1602   4650 
 12430   7066   7464   6325   2972   4399   6373  14909      0  14598  14775  14427  12886  10569  10373  12551  11172  11636   9862   8785  11000   2855   3315   4026 
 11274   5396   5436   5903   1087   2978   7861  17782  14598      0  18218  18106  14943  11469  10491  11306  10896  12235  10151   3391   4234   1613   -412   3051 
 15414   5711   4986   5695   1617   3344   6638  16590  14775  18218      0  26758  16597  15149  14180  14540  15659  15019  16376   5722   5276   1964    932   4783 
 12446   5287   4724   5407   2334   3818   6317  17620  14427  18106  26758      0  16321  16805  15415  13762  16051  15173  15548   6161   5970   3448   1751   4442 
 13830   5529   5828   3923   3647   7007   3511  14079  12886  14943  16597  16321      0  18555  13997  10436  11403  11831  12683   6444   6997   3247   3424   3155 
 10061   4301   4244   3785   4500   6952   3190  13451  10569  11469  15149  16805  18555      0  14880  11354  13148  12698  14114   8035   8289   2448   1476    743 
 10930   4548   3303   3925   3807   5065    207  12726  10373  10491  14180  15415  13997  14880      0  10708  12734  12463  23672   5330   5780   3520   1837   3119 
 10049   6401   6511   6827    831   4646   1815  10086  12551  11306  14540  13762  10436  11354  10708      0  20030  12350   9954   4404   6263   3083   3773   2773 
 12255   5699   4640   5222   2021   4842   2866  11315  11172  10896  15659  16051  11403  13148  12734  20030      0  17836  13073   4637   5507   3218   3292   3171 
 12878   3305   4647   4814   1925   4321   4105  15401  11636  12235  15019  15173  11831  12698  12463  12350  17836      0  14176   4354   4429   2868   1053   4689 
 11591   3381   1576   1555   2254   2535    726  11946   9862  10151  16376  15548  12683  14114  23672   9954  13073  14176      0   3056   3537   2459   1033   2307 
  4957   5034   6412   5835   5133   5952  -2948   4877   8785   3391   5722   6161   6444   8035   5330   4404   4637   4354   3056      0  23648   3309   1473    808 
  6311   6902   7339   7165   6399   7317  -2979   5057  11000   4234   5276   5970   6997   8289   5780   6263   5507   4429   3537  23648      0   3217   2761   2242 
  4288    882    390   -369  -1222   2685  -7184   3428   2855   1613   1964   3448   3247   2448   3520   3083   3218   2868   2459   3309   3217      0  18276   2882 
  3243  -1013   -448  -2026  -2569   2253  -9212   1602   3315   -412    932   1751   3424   1476   1837   3773   3292   1053   1033   1473   2761  18276      0   4787 
  4021    848   1354   1402    197   1299  -5516   4650   4026   3051   4783   4442   3155    743   3119   2773   3171   4689   2307    808   2242   2882   4787      0 
