     0   4085   3390   4837   3080   9008   9150   8425  14551  10606  16264  13470  10190   6275  10868  10822   -158  13837  13230  12448   5693   6969   5841   4212   3205 
  4085      0  28937  33116  23288   8277   8475   2070   9648   1209   6559   4887   3461   5836   3513   7965  -6810   6913   3637   5604   8246   9207   1081  -2050    130 
  3390  28937      0  28765  22281   5925   6461   1606   7163   1489   4623   3288   3828   5744   1293   6863  -7942   3215   2730   1126   8036   8573   -575  -4231   -302 
  4837  33116  28765      0  23068   7581   6710    989   7876   1922   5499   4049   1797   4524   1942   6984  -6620   5344   3913   3070   6184   7961   -659  -2139   -485 
  3080  23288  22281  23068      0   8800   2388  -1556   4970  -1459   1877   1590   -110   5250    986   3511  -6445   2858   1450    751   5288   6437  -2258  -3554     40 
  9008   8277   5925   7581   8800      0   4875   3042   6789   2100   6748   7814   3914   3826   5170   8588  -6537   6383   6027   6498   9568  10316   5160   6148   5589 
  9150   8475   6461   6710   2388   4875      0  20933  20336  21889  20213  20481  13894  12245  10812  16471  -2007  15111  17296  13760   7440   8399   5761    527   5338 
  8425   2070   1606    989  -1556   3042  20933      0  16783  23028  16672  16364   9644  10448  12982  10682    533  13296  16117  11660   4155   3835   4661   1414   4408 
 14551   9648   7163   7876   4970   6789  20336  16783      0  15740  18989  18724  11564  11612  13600  18036  -1532  16825  17144  16627   8445  10276   4347   3029   7572 
 10606   1209   1489   1922  -1459   2100  21889  23028  15740      0  21226  19789  10955   9313   9541  11577  -2283  11210  13720   9239   1771   2592   2415    424   1716 
 16264   6559   4623   5499   1877   6748  20213  16672  18989  21226      0  35213  16247  13551  14519  21190  -1100  19454  18701  19652   5645   5433   4125  -1508   4774 
 13470   4887   3288   4049   1590   7814  20481  16364  18724  19789  35213      0  14651  13623  16589  22829  -1331  22694  16993  18475   5609   4542   4294  -1033   6030 
 10190   3461   3828   1797   -110   3914  13894   9644  11564  10955  16247  14651      0  18168  10904  12163    205  14020  11491  14188   3565   4303   1734    554   -469 
  6275   5836   5744   4524   5250   3826  12245  10448  11612   9313  13551  13623  18168      0  11672  10913   -311  11904  10230  11858   6254   6626    563  -2648  -1602 
 10868   3513   1293   1942    986   5170  10812  12982  13600   9541  14519  16589  10904  11672      0  11578  11208  16689  14238  29558   3365   4315   3552   -909   1801 
 10822   7965   6863   6984   3511   8588  16471  10682  18036  11577  21190  22829  12163  10913  11578      0   -699  27006  16574  14163   4472   5931   5407   1846   4723 
  -158  -6810  -7942  -6620  -6445  -6537  -2007    533  -1532  -2283  -1100  -1331    205   -311  11208   -699      0   1106   -855   8921  -3811  -3088  -6299  -8091  -7072 
 13837   6913   3215   5344   2858   6383  15111  13296  16825  11210  19454  22694  14020  11904  16689  27006   1106      0  23338  21252   4132   5199   5287   1516   4093 
 13230   3637   2730   3913   1450   6027  17296  16117  17144  13720  18701  16993  11491  10230  14238  16574   -855  23338      0  21455   2410   2385   3844    805   5420 
 12448   5604   1126   3070    751   6498  13760  11660  16627   9239  19652  18475  14188  11858  29558  14163   8921  21252  21455      0   4277   4862   5452    341   3432 
  5693   8246   8036   6184   5288   9568   7440   4155   8445   1771   5645   5609   3565   6254   3365   4472  -3811   4132   2410   4277      0  34824   4218    -77   2860 
  6969   9207   8573   7961   6437  10316   8399   3835  10276   2592   5433   4542   4303   6626   4315   5931  -3088   5199   2385   4862  34824      0   5836   1906   3295 
  5841   1081   -575   -659  -2258   5160   5761   4661   4347   2415   4125   4294   1734    563   3552   5407  -6299   5287   3844   5452   4218   5836      0  28632   7854 
  4212  -2050  -4231  -2139  -3554   6148    527   1414   3029    424  -1508  -1033    554  -2648   -909   1846  -8091   1516    805    341    -77   1906  28632      0   4211 
  3205    130   -302   -485     40   5589   5338   4408   7572   1716   4774   6030   -469  -1602   1801   4723  -7072   4093   5420   3432   2860   3295   7854   4211      0 
