     0   7273   6163   7353   3440  10920   2804  10672  10834   5527  11592  14893   7675  10061  10930  13868  14914   8316   7062   9572   9598   6202   5996   7666 
  7273      0  24147  28351  12335   9832   1294   3625   5295    958   3913   7694   2482   4301   4548   9403   6698   2436   3081   7198   7008   1391    333   1772 
  6163  24147      0  24740  11589   7612  -1115   3374   4729    942   2191   5867   2028   4244   3303   9033   4190   3101    534   9149   7700   -117   -448   1354 
  7353  28351  24740      0  11242   9848   1007   3448   4193   1205   4895   7814   1483   3785   3925   9837   6496   3418   1830   8204   6444    566   -680   2452 
  3440  12335  11589  11242      0   8905  -4915    110    553  -1981    321   1977   1205   2964   2271   2457    887   -832   -471   4802   8434    -75  -1866   1128 
 10920   9832   7612   9848   8905      0  -3487   3420   2027  -1720   1258   6147   2706   6952   5065   7522   5743    527    707   8927   5795   3762   5787   4707 
  2804   1294  -1115   1007  -4915  -3487      0   6967   7381   7755   9293   9318   4296   3712    728   5473   4455   7085   3627    610     22  -5855  -6958  -3684 
 10672   3625   3374   3448    110   3420   6967      0   8770  13225  10833  17620   7924  13451  12726  10086  12502   9896   5968   4877   2983   3237   1602   4650 
 10834   5295   4729   4193    553   2027   7381   8770      0  12755  14371  14088   9599   6704   5873  12781  10128  11181  10645   4910   7993   2893   1847   4765 
  5527    958    942   1205  -1981  -1720   7755  13225  12755      0  17277  13745  11240   7168   4744   7005   6198  10412   8389   -249   1509   -609  -3780   -735 
 11592   3913   2191   4895    321   1258   9293  10833  14371  17277      0  23291  13133   9944   8025  11805  11112  14646  14755   2585   4463   -962  -2747   1727 
 14893   7694   5867   7814   1977   6147   9318  17620  14088  13745  23291      0  10718  16805  15415  18744  18684  10375  10331   8305   6168   2852   2091   6743 
  7675   2482   2028   1483   1205   2706   4296   7924   9599  11240  13133  10718      0  13846   7842   6600   8049   9915  10913   1735   3474  -1011  -1401  -1137 
 10061   4301   4244   3785   2964   6952   3712  13451   6704   7168   9944  16805  13846      0  14880  11354  12652   8041   9405   8035   6358    151   1476    743 
 10930   4548   3303   3925   2271   5065    728  12726   5873   4744   8025  15415   7842  14880      0  10708  13785   6165  17311   5330   3004   2817   1837   3119 
 13868   9403   9033   9837   2457   7522   5473  10086  12781   7005  11805  18744   6600  11354  10708      0  22499  10036   8152   7552   6743   2655   4128   6476 
 14914   6698   4190   6496    887   5743   4455  12502  10128   6198  11112  18684   8049  12652  13785  22499      0  14509  10847   5898   4359   5237   4199   5229 
  8316   2436   3101   3418   -832    527   7085   9896  11181  10412  14646  10375   9915   8041   6165  10036  14509      0  15267    671   2273   2439    216   1808 
  7062   3081    534   1830   -471    707   3627   5968  10645   8389  14755  10331  10913   9405  17311   8152  10847  15267      0    785   2061    951   -809     75 
  9572   7198   9149   8204   4802   8927    610   4877   4910   -249   2585   8305   1735   8035   5330   7552   5898    671    785      0  21592   2867   2943   3684 
  9598   7008   7700   6444   8434   5795     22   2983   7993   1509   4463   6168   3474   6358   3004   6743   4359   2273   2061  21592      0   3844   1716   2218 
  6202   1391   -117    566    -75   3762  -5855   3237   2893   -609   -962   2852  -1011    151   2817   2655   5237   2439    951   2867   3844      0  15395   3042 
  5996    333   -448   -680  -1866   5787  -6958   1602   1847  -3780  -2747   2091  -1401   1476   1837   4128   4199    216   -809   2943   1716  15395      0   7170 
  7666   1772   1354   2452   1128   4707  -3684   4650   4765   -735   1727   6743  -1137    743   3119   6476   5229   1808     75   3684   2218   3042   7170      0 
