     0   3922   3287   4002  -1298   6028   -634  10672  12430  11274  15414  12446  13830  10061  10930  10049  12255  12878  11591   4957   1602   4288   3243   4021 
  3922      0  21718  24161  11052   6127  -3347   3625   7066   5396   5711   5287   5529   4301   4548   6401   5699   3305   3381   5034   2601    882  -1013    848 
  3287  21718      0  22311  11576   6142  -3538   3374   7464   5436   4986   4724   5828   4244   3303   6511   4640   4647   1576   6412   3038    390   -448   1354 
  4002  24161  22311      0  10792   6143  -3523   3448   6325   5903   5695   5407   3923   3785   3925   6827   5222   4814   1555   5835   2864   -369  -2026   1402 
 -1298  11052  11576  10792      0   4486  -7070  -2940  -1329  -3611  -2684  -1967   -654    199   -494  -3470  -2677  -2700  -1882    832   3419  -4059  -5120  -3907 
  6028   6127   6142   6143   4486      0  -6630   3420   4399   2978   3344   3818   7007   6952   5065   4646   4842   4321   2535   5952   3016   2685   2253   1299 
  -634  -3347  -3538  -3523  -7070  -6630      0   6540   6373   7861   6638   6317   3511   3190    207   1815   2866   4105    726  -2948  -2979  -7184  -9212  -5516 
 10672   3625   3374   3448  -2940   3420   6540      0  14909  17782  16590  17620  14079  13451  12726  10086  11315  15401  11946   4877    348   3428   1602   4650 
 12430   7066   7464   6325  -1329   4399   6373  14909      0  14598  14775  14427  12886  10569  10373  12551  11172  11636   9862   8785   6291   2855   3315   4026 
 11274   5396   5436   5903  -3611   2978   7861  17782  14598      0  18218  18106  14943  11469  10491  11306  10896  12235  10151   3391    -67   1613   -412   3051 
 15414   5711   4986   5695  -2684   3344   6638  16590  14775  18218      0  26758  16597  15149  14180  14540  15659  15019  16376   5722    567   1964    932   4783 
 12446   5287   4724   5407  -1967   3818   6317  17620  14427  18106  26758      0  16321  16805  15415  13762  16051  15173  15548   6161   1261   3448   1751   4442 
 13830   5529   5828   3923   -654   7007   3511  14079  12886  14943  16597  16321      0  18555  13997  10436  11403  11831  12683   6444   2288   3247   3424   3155 
 10061   4301   4244   3785    199   6952   3190  13451  10569  11469  15149  16805  18555      0  14880  11354  13148  12698  14114   8035   3580   2448   1476    743 
 10930   4548   3303   3925   -494   5065    207  12726  10373  10491  14180  15415  13997  14880      0  10708  12734  12463  23672   5330   1071   3520   1837   3119 
 10049   6401   6511   6827  -3470   4646   1815  10086  12551  11306  14540  13762  10436  11354  10708      0  20030  12350   9954   4404   1554   3083   3773   2773 
 12255   5699   4640   5222  -2677   4842   2866  11315  11172  10896  15659  16051  11403  13148  12734  20030      0  17836  13073   4637    777   3218   3292   3171 
 12878   3305   4647   4814  -2700   4321   4105  15401  11636  12235  15019  15173  11831  12698  12463  12350  17836      0  14176   4354   -228   2868   1053   4689 
 11591   3381   1576   1555  -1882   2535    726  11946   9862  10151  16376  15548  12683  14114  23672   9954  13073  14176      0   3056  -1172   2459   1033   2307 
  4957   5034   6412   5835    832   5952  -2948   4877   8785   3391   5722   6161   6444   8035   5330   4404   4637   4354   3056      0  18939   3309   1473    808 
  1602   2601   3038   2864   3419   3016  -2979    348   6291    -67    567   1261   2288   3580   1071   1554    777   -228  -1172  18939      0  -1604  -2039  -2558 
  4288    882    390   -369  -4059   2685  -7184   3428   2855   1613   1964   3448   3247   2448   3520   3083   3218   2868   2459   3309  -1604      0  18276   2882 
  3243  -1013   -448  -2026  -5120   2253  -9212   1602   3315   -412    932   1751   3424   1476   1837   3773   3292   1053   1033   1473  -2039  18276      0   4787 
  4021    848   1354   1402  -3907   1299  -5516   4650   4026   3051   4783   4442   3155    743   3119   2773   3171   4689   2307    808  -2558   2882   4787      0 
