     0   -379  -1014   1421   -208   1727  -1242   4102   5933   5527   9259   6291   7675   5352   4463   5340   7525   6360   5094    248   2655   -114  -1505  -2022 
  -379      0  17020  19463  11052   1429  -4105   -676   2765    698   1410   2590   1228      0    715   2100   1001  -1298   -920    733   3179  -1267  -1354  -3544 
 -1014  17020      0  17613  11576   9847  -1823   -927   3163   5436   3455    423   5828    -57   -998   2210   6364    432   1576   8587   3213   1025    600   1453 
  1421  19463  17613      0  11970   1445  -4207   -853   2024   1205   1394   2121   -378   -321   -247   2526    524   1317  -2746   1534   3917  -3618  -3899  -2990 
  -208  11052  11576  11970      0   4486  -6430  -2940  -1329  -3611  -1572   -751   -546    199    338  -3470    364  -2700    334    832   3151   -186  -1261  -2464 
  1727   1429   9847   1445   4486      0  -4408   -881     98   2978   1258   -483   7007   2651    764    345   6193   -304   2535   8927   3016   4619   4187   1299 
 -1242  -4105  -1823  -4207  -6430  -4408      0   6296   7216   7861   5856   6049   3511   2921     78   2966   3132   4235    726   -816  -2979  -6534  -8149  -5220 
  4102   -676   -927   -853  -2940   -881   6296      0  10291  12035  10435  11465   7924   8742   6095   5377   6585   8883   5449    168    348  -1393  -3933  -1527 
  5933   2765   3163   2024  -1329     98   7216  10291      0   8851   8620   8272   6731   5860   4012   7842   6442   5191   3501   4076   6291  -3111  -2056  -2118 
  5527    698   5436   1205  -3611   2978   7861  12035   8851      0  12511  12399  14943   7168   4744   7005  10896   6164  10151   3391    -67   1613   -412   3051 
  9259   1410   3455   1394  -1572   1258   5856  10435   8620  12511      0  20147  10482   9944   8025   9831  11112   8916  10221   2585   1689  -1723  -2747    375 
  6291   2590    423   2121   -751   -483   6049  11465   8272  12399  20147      0  10206  12230   9260  10875  10825  13111   9393   1985   1629  -1171  -2056  -1128 
  7675   1228   5828   -378   -546   7007   3511   7924   6731  14943  10482  10206      0  13846   7842   5727  11403   5728  12683   6444   2288   3247   3424   3155 
  5352      0    -57   -321    199   2651   2921   8742   5860   7168   9944  12230  13846      0  10171   6645   7922   8041   9405   3326   3580  -1935  -2317  -4587 
  4463    715   -998   -247    338    764     78   6095   4012   4744   8025   9260   7842  10171      0   5999   8004   6018  17311    621   1261   -458  -2665  -3058 
  5340   2100   2210   2526  -3470    345   2966   5377   7842   7005   9831  10875   5727   6645   5999      0  15300   9555   5245   -305   1554    758    539   -835 
  7525   1001   6364    524    364   6193   3132   6585   6442  10896  11112  10825  11403   7922   8004  15300      0  12782  13073   4715    777   4893   4729   5308 
  6360  -1298    432   1317  -2700   -304   4235   8883   5191   6164   8916  13111   5728   8041   6018   9555  12782      0   7731   1152   -228     56   -885    119 
  5094   -920   1576  -2746    334   2535    726   5449   3501  10151  10221   9393  12683   9405  17311   5245  13073   7731      0   3056  -1172   2459   1033   2307 
   248    733   8587   1534    832   8927   -816    168   4076   3391   2585   1985   6444   3326    621   -305   4715   1152   3056      0  18939   3309   1473    808 
  2655   3179   3213   3917   3151   3016  -2979    348   6291    -67   1689   1629   2288   3580   1261   1554    777   -228  -1172  18939      0  -1604  -2039  -2558 
  -114  -1267   1025  -3618   -186   4619  -6534  -1393  -3111   1613  -1723  -1171   3247  -1935   -458    758   4893     56   2459   3309  -1604      0  22529   2882 
 -1505  -1354    600  -3899  -1261   4187  -8149  -3933  -2056   -412  -2747  -2056   3424  -2317  -2665    539   4729   -885   1033   1473  -2039  22529      0   4787 
 -2022  -3544   1453  -2990  -2464   1299  -5220  -1527  -2118   3051    375  -1128   3155  -4587  -3058   -835   5308    119   2307    808  -2558   2882   4787      0 
