     0   1792  -1014   -299    298   5236   -198   4102  11219   5527   9259   9773   7675   5352   4433   9983  10500   6360   5094   3943   5297   -533  -2158  -2022 
  1792      0  17020  19463  13233   4043  -2459   -676   4314    698   1410   2430   1228      0    247   4656   2416  -1320   -920   2108   4006  -3098  -3399  -3544 
 -1014  17020      0  17613  11576   1444  -4508   -927   3163    738    685    423   1527    -57   -998   2210    -58     22  -2725   2111   3038  -3315  -3506  -3038 
  -299  19463  17613      0  10792   1445  -4207   -853   2024   1205   1394   1106   -378   -516   -376   2526    524    189  -2746   1534   2864  -3815  -4178  -2990 
   298  13233  11576  10792      0   7034  -4345  -2940   1285  -3611  -2684   -523   -654    199   -494   -736  -1837  -2700  -1882   2153   3419  -4059  -5120  -3907 
  5236   4043   1444   1445   7034      0  -5456   -881   2731  -1720   -957   2089   2706   2651    764   3292   2020   -304  -1766   3827   5192   -407   -199  -3093 
  -198  -2459  -4508  -4207  -4345  -5456      0   5758   5215   6682   5752   5720   3030   2921     78   1403   1687   2906     90   -689   -749  -7184 -10165  -6692 
  4102   -676   -927   -853  -2940   -881   5758      0   8412  12035  10435  11465  12633   8742  12726   5377   6585  15401   5449    168    348   4855   1602   4650 
 11219   4314   3163   2024   1285   2731   5215   8412      0   8851   8620  11365   6731   5860   4012  11437  10600   5191   3501   5111   7326  -3111  -2056  -2118 
  5527    698    738   1205  -3611  -1720   6682  12035   8851      0  12511  12399   9236   7168   4744   7005   6198   6164   4404   -910    -67  -2726  -5405  -2664 
  9259   1410    685   1394  -2684   -957   5752  10435   8620  12511      0  20147  10482   9944   8025   9831  10433   8916  10221   1013    567  -3387  -4999  -1870 
  9773   2430    423   1106   -523   2089   5720  11465  11365  12399  20147      0  10206  11600   9260  12256  13806   9070   9393   3259   3068  -1903  -4180  -2211 
  7675   1228   1527   -378   -654   2706   3030  12633   6731   9236  10482  10206      0  13846  12551   5727   6673  10385   6528   1735   2288   3247   3245   1832 
  5352      0    -57   -516    199   2651   2921   8742   5860   7168   9944  11600  13846      0  10171   6645   7922   8041   9405   3326   3580  -2903  -3854  -4587 
  4433    247   -998   -376   -494    764     78  12726   4012   4744   8025   9260  12551  10171      0   5999   8004  12463  17311    621   1071   4917   1837   3119 
  9983   4656   2210   2526   -736   3292   1403   5377  11437   7005   9831  12256   5727   6645   5999      0  18648   7693   5245   2136   3857  -1738  -1027  -2027 
 10500   2416    -58    524  -1837   2020   1687   6585  10600   6198  10433  13806   6673   7922   8004  18648      0  12782   8343    957   1827  -2080  -2059  -2180 
  6360  -1320     22    189  -2700   -304   2906  15401   5191   6164   8916   9070  10385   8041  12463   7693  12782      0   7731   -303   -228   4161   1053   4689 
  5094   -920  -2725  -2746  -1882  -1766     90   5449   3501   4404  10221   9393   6528   9405  17311   5245   8343   7731      0  -1653  -1172  -2202  -4368  -3736 
  3943   2108   2111   1534   2153   3827   -689    168   5111   -910   1013   3259   1735   3326    621   2136    957   -303  -1653      0  22234  -1430  -3327  -3992 
  5297   4006   3038   2864   3419   5192   -749    348   7326    -67    567   3068   2288   3580   1071   3857   1827   -228  -1172  22234      0  -1604  -2039  -2558 
  -533  -3098  -3315  -3815  -4059   -407  -7184   4855  -3111  -2726  -3387  -1903   3247  -2903   4917  -1738  -2080   4161  -2202  -1430  -1604      0  21070   4097 
 -2158  -3399  -3506  -4178  -5120   -199 -10165   1602  -2056  -5405  -4999  -4180   3245  -3854   1837  -1027  -2059   1053  -4368  -3327  -2039  21070      0   4787 
 -2022  -3544  -3038  -2990  -3907  -3093  -6692   4650  -2118  -2664  -1870  -2211   1832  -4587   3119  -2027  -2180   4689  -3736  -3992  -2558   4097   4787      0 
