     0    207  -3926  11305  -3487  -4958   -176  -5301    383   -867  -1591  -6132  -3828  -3332  -4910  -5815  -5378  -2048  -4355  -3385  -5064  -3522  -6711  -5042  -5764  -5395  -6325  -5769  -3215  -4739  -5644  -5609  -4620  -6313  -4695  -3704  -4190   -914  -1737  -3915  -4611  -8293  -9648  -4079  -3215   -461  -2325  -3775     54 
   207      0  -2884   -700  -3170  -5020  -1579  -4315  -4736  -1118  -1449  -6476  -5845  -5293  -9330  -7776  -7792  -6861  -9401  -6615  -5894  -5519  -3846  -8243  -6538  -7996  -7386  -8371  -7006  -9785  -8159  -7691  -7461  -7975  -8543  -9385  -9205  -3350  -2280  -6524  -7630  -8788  -5721  -4339  -6495  -4086  -5021  -6419  -3763 
 -3926  -2884      0  -6622   -117  -7796    463  -5077  -8769    826  -8888  -7609  -7860  -6265  -8425  -8380  -7420  -7644  -7443  -7063  -7225  -7557  -8231  -8356  -7527  -8716 -10318  -9498  -7166  -8603 -10134  -9803  -8605  -9267  -8600  -7306  -7493  -6721  -4724  -9519 -10507  -5305  -6329  -3979  -6022  -4827  -7842  -6780  -5375 
 11305   -700  -6622      0  -6654  -6434  -2683  -4569  -5894  -2353  -1904  -5365  -6042  -2264  -4260  -4334   -401  -2686  -3750  -2709  -4388  -4021  -8277  -2946  -2947  -4578  -3926  -3902  -1112  -3160  -2358  -4379  -2605  -4379   -986  -2284  -2624   1305     81  -4138  -1498  -8484  -6475  -3349  -2369  -2526  -3958  -3451  -4054 
 -3487  -3170   -117  -6654      0  -6173  -3101  -6957  -7154  -3495  -3605  -6200  -6690  -4565  -9227  -5571  -5972  -5616  -4643  -5776  -5623  -7331  -7627  -7665  -6613  -6767  -8075  -7263  -7531  -9220  -3968  -5365  -5707  -7166  -5541  -5337  -5518  -4890  -5435  -4258  -8496  -7529 -10107  -6174  -5179  -3392  -6330  -5652  -4686 
 -4958  -5020  -7796  -6434  -6173      0  -6480  -1142  -4257  -3698  11079  -7093  -8241  -7398  -8522  -6294  -6748  -9516  -8686  -8827  -7058  -7388  -7136  -7710  -7640  -7627  -8520  -6799  -5859  -8357  -7971  -7654  -5379  -7995  -8237  -9408  -9384  -6891  -4924  -8588  -7327  -9675  -9735  -6448  -8160  -5290  -3504  -7546  -6371 
  -176  -1579    463  -2683  -3101  -6480      0   -951  -6747  21027   1048  -6892  -6076  -1711  -5753  -5128  -2890  -4142  -6038  -5326  -3375  -6408  -8096  -4758  -4577  -5386  -4096  -3371  -3089  -3544  -1903  -2798   -616  -2868  -2044  -4440  -4178  -4136  -2793  -5287    130  -9476  -5427   -610  -3755  -2810  -6837  -2339  -2629 
 -5301  -4315  -5077  -4569  -6957  -1142   -951      0  -4404   -392    300  -6436  -4321  -6654  -6238  -3687    -93  -4200  -6259  -4573  -4060  -3993  -4750  -4587  -1852  -5239  -3447  -2911  -4674  -6022  -5141  -3327  -1339  -3511  -4938  -3349  -2763  -7529  -7637  -5854  -6215  -9220  -4815  -2738  -3684  -5470  -4708  -3817  -3931 
   383  -4736  -8769  -5894  -7154  -4257  -6747  -4404      0  -2886  -2857  -6044  -6929  -6845  -7630  -7787  -7266  -7475  -8464  -7847  -6492  -6093  -4540  -4682  -6712  -6011  -5861  -4784  -6330  -6890  -8626  -6621  -7299  -7719  -7321  -7813  -7092  -8809  -9503  -6203  -7201  -6530  -6683  -5165  -6678  -5443  -6749  -6780  -6167 
  -867  -1118    826  -2353  -3495  -3698  21027   -392  -2886      0  -4826  -4588  -3545  -2844  -6135  -4266  -4329  -4335  -6113  -5591  -7702  -7778  -1926  -6342  -6064  -4111  -4873  -4046  -4893  -5185  -4760  -1818  -3240  -5535  -5079  -5140  -5403  -5737  -2783  -6562  -5918  -8916  -6133  -3703  -5080  -4921  -2578  -5651  -3813 
 -1591  -1449  -8888  -1904  -3605  11079   1048    300  -2857  -4826      0  -3193  -5275  -5179  -5918  -1571  -1275  -2011  -3718  -4096  -1816  -2824  -3296  -3646  -3330  -6037  -5361  -4469  -4500  -4251  -5523  -3558  -2920   -357  -2876  -2799  -2450  -4079  -4572   -728   -778  -9130 -10990  -1059   -298  -2638  -2659  -1423  -1990 
 -6132  -6476  -7609  -5365  -6200  -7093  -6892  -6436  -6044  -4588  -3193      0   1064  -2052   7062   8312   2373   7405   5605   6499   1914   2170  -1370   5349   5423   5711   5628   5771   4063   3880   1881   4604   6353   3447   1345    134   1556    704  -1062   2083   2194 -11459 -11487  -2601  -3197  -5444  -5254  -2225  -4042 
 -3828  -5845  -7860  -6042  -6690  -8241  -6076  -4321  -6929  -3545  -5275   1064      0   -293  -2607    967  -1713  -3881  -4467  -3144  -3004  -2984  -6085  -1634   -543   -313   -131  -1369   -687  -2321    293   -538   -112   -422   1698  -2836  -1977   3537   1934  -3900  -3418 -11870 -11679  -5363  -6683  -5930  -5492  -5334  -7110 
 -3332  -5293  -6265  -2264  -4565  -7398  -1711  -6654  -6845  -2844  -5179  -2052   -293      0   -671   2237   2252   -426  -1511    -46  -5172  -1899  -7462   2293   1929  -1337   2838    737   1387   -570   3621   3704   3590   2922   4348    456    999   5788   5434   2148   -682  -8105  -9752  -3028  -4008  -4359  -5017  -5034  -5864 
 -4910  -9330  -8425  -4260  -9227  -8522  -5753  -6238  -7630  -6135  -5918   7062  -2607   -671      0   9560   6123   2013   1469    610  -3770    387  -3079   5064   6053   7390   6925   6663   4958   8861   2771   7660   7087   3617   3296    -67   1465    511    621  -1166    599  -8464  -8624  -2789  -3345  -4215  -4329  -3570  -2568 
 -5815  -7776  -8380  -4334  -5571  -6294  -5128  -3687  -7787  -4266  -1571   8312    967   2237   9560      0   5169   4525   3649   4141   -552    508  -1235   6529   7402  10481   8076   8110   8642   7578   4941  10902   8992   5060   5217   2615   4560   1887   -699    668    736  -8405  -9311  -1516  -1266  -4558  -4006  -2103  -3043 
 -5378  -7792  -7420   -401  -5972  -6748  -2890    -93  -7266  -4329  -1275   2373  -1713   2252   6123   5169      0   4239   4610   5404   1092   4881   -105   8604  12318   8288  12507  10138  10179   7263   6836  10466  11514  11783   7801   5594   7154   1700     88   4687  -1264  -8971  -7173  -1632  -2169  -3650  -2473  -2355  -4032 
 -2048  -6861  -7644  -2686  -5616  -9516  -4142  -4200  -7475  -4335  -2011   7405  -3881   -426   2013   4525   4239      0  19712  22176  11907   3912  -4209   4640   6448   3604   4959   4579   4223   3508   4597   7416   5492   3769   3390   6047   7757    -57  -2777   1208   -463  -9201 -10582  -2606   -138  -4414  -3938  -1981  -4233 
 -4355  -9401  -7443  -3750  -4643  -8686  -6038  -6259  -8464  -6113  -3718   5605  -4467  -1511   1469   3649   4610  19712      0  20552  12333   3564  -3119   2903   5359   3293   3714   3776   2795   4060   2980   6580   4739   5096    788   5642   5813  -1626  -3306   1388  -2259 -10647  -8721  -4705  -2710  -5212  -5500  -4108  -4632 
 -3385  -6615  -7063  -2709  -5776  -8827  -5326  -4573  -7847  -5591  -4096   6499  -3144    -46    610   4141   5404  22176  20552      0  11538   4262  -4221   3166   4601   4343   5774   4387   1936   3259   3787   7158   5024   4433   1773   5332   5868  -1691  -3552   1127  -1703 -10241  -9479  -3798  -1857  -5420  -5446  -3145  -5675 
 -5064  -5894  -7225  -4388  -5623  -7058  -3375  -4060  -6492  -7702  -1816   1914  -3004  -5172  -3770   -552   1092  11907  12333  11538      0   8456  -6121  -1153    887  -2087  -1491   -965    656   1547   -141   -847  -1056     10  -1078   4216   5198  -3032  -3993   1434  -1242  -9043  -8213  -4041  -4738  -4906  -4135  -5671  -4687 
 -3522  -5519  -7557  -4021  -7331  -7388  -6408  -3993  -6093  -7778  -2824   2170  -2984  -1899    387    508   4881   3912   3564   4262   8456      0  -5423    106   3001   -649   1254    530   2755   3541    658   3137   1850    734  -1672   3167   4969   2026    696   2496  -2101  -8684  -8069  -2215  -3750  -5424   -753  -4247  -6581 
 -6711  -3846  -8231  -8277  -7627  -7136  -8096  -4750  -4540  -1926  -3296  -1370  -6085  -7462  -3079  -1235   -105  -4209  -3119  -4221  -6121  -5423      0   4313   5218   4503   6111   6092   3030   3123   -643   1249   1785   3435   -537   -542   -926  -7732 -10562  -6761  -8281  -8355  -8531  -6180  -7376    291  -6881  -6308    179 
 -5042  -8243  -8356  -2946  -7665  -7710  -4758  -4587  -4682  -6342  -3646   5349  -1634   2293   5064   6529   8604   4640   2903   3166  -1153    106   4313      0  11604  14940  14212  14105  10704  10011   8301   9021   9074  11767   8053   3915   4135    112  -2100   1859   -949  -9716  -9756   -945  -1013  -5098  -6147  -2229  -5490 
 -5764  -6538  -7527  -2947  -6613  -7640  -4577  -1852  -6712  -6064  -3330   5423   -543   1929   6053   7402  12318   6448   5359   4601    887   3001   5218  11604      0  10507  12604  11663   9566   7577   6862  13222  12306   8879   7649   6455   8282   2879    680   4370   -642  -8257  -8224  -2034  -2001  -5109  -3659  -3451  -4405 
 -5395  -7996  -8716  -4578  -6767  -7627  -5386  -5239  -6011  -4111  -6037   5711   -313  -1337   7390  10481   8288   3604   3293   4343  -2087   -649   4503  14940  10507      0  15089  14721  10390   9434   6757  10749   9118   9314   7137   1718   2964   -535  -4404   1145  -3495 -10367  -8820  -2132  -1946  -4620  -4781  -2291  -2625 
 -6325  -7386 -10318  -3926  -8075  -8520  -4096  -3447  -5861  -4873  -5361   5628   -131   2838   6925   8076  12507   4959   3714   5774  -1491   1254   6111  14212  12604  15089      0  24119  12422  12685   9414  14472  13481  11745  11946   2702   3030   -904  -2763   3262  -1458 -10694  -9516  -1768  -2041  -5349  -6812  -2313  -5143 
 -5769  -8371  -9498  -3902  -7263  -6799  -3371  -2911  -4784  -4046  -4469   5771  -1369    737   6663   8110  10138   4579   3776   4387   -965    530   6092  14105  11663  14721  24119      0  12482  13903  10529  13792  13357  11898  11212   3307   3771   -650  -2768   2501  -2466 -10350 -10957   -980  -1372  -3615  -6455  -1070  -3305 
 -3215  -7006  -7166  -1112  -7531  -5859  -3089  -4674  -6330  -4893  -4500   4063   -687   1387   4958   8642  10179   4223   2795   1936    656   2755   3030  10704   9566  10390  12422  12482      0  15351  10101   8248  10643   9922   8336   3036   4507   2750   1331    827   2646  -8119  -8603  -2812  -3734  -3765  -4134  -3802  -3906 
 -4739  -9785  -8603  -3160  -9220  -8357  -3544  -6022  -6890  -5185  -4251   3880  -2321   -570   8861   7578   7263   3508   4060   3259   1547   3541   3123  10011   7577   9434  12685  13903  15351      0  12206  10312   9379  10245  11918   4604   5384    825   -890   -156   2677  -7826  -7602  -1034  -1871  -5251  -6568  -1928  -3374 
 -5644  -8159 -10134  -2358  -3968  -7971  -1903  -5141  -8626  -4760  -5523   1881    293   3621   2771   4941   6836   4597   2980   3787   -141    658   -643   8301   6862   6757   9414  10529  10101  12206      0   8394  10098   8321  19918   3974   5104   3711     91    204    919 -10554 -11514  -2369  -3267  -4285  -5694  -2968  -3905 
 -5609  -7691  -9803  -4379  -5365  -7654  -2798  -3327  -6621  -1818  -3558   4604   -538   3704   7660  10902  10466   7416   6580   7158   -847   3137   1249   9021  13222  10749  14472  13792   8248  10312   8394      0  19007   9894   9021   3619   5322    536      9   2076   -450  -9306  -9550  -1986  -1572  -6983  -4398  -1865  -5123 
 -4620  -7461  -8605  -2605  -5707  -5379   -616  -1339  -7299  -3240  -2920   6353   -112   3590   7087   8992  11514   5492   4739   5024  -1056   1850   1785   9074  12306   9118  13481  13357  10643   9379  10098  19007      0  15359  11002   3052   5219   2879   -355   4043   2422  -8897 -10552  -2303  -2187  -4204  -3635  -2446  -3960 
 -6313  -7975  -9267  -4379  -7166  -7995  -2868  -3511  -7719  -5535   -357   3447   -422   2922   3617   5060  11783   3769   5096   4433     10    734   3435  11767   8879   9314  11745  11898   9922  10245   8321   9894  15359      0  10843   3104   3498    858  -1053   4747   -259  -8796  -9840  -1161  -2059  -2896  -5119  -2541  -3062 
 -4695  -8543  -8600   -986  -5541  -8237  -2044  -4938  -7321  -5079  -2876   1345   1698   4348   3296   5217   7801   3390    788   1773  -1078  -1672   -537   8053   7649   7137  11946  11212   8336  11918  19918   9021  11002  10843      0   2415   3456   3688     16    555   -446 -10295 -10581  -1999  -2324  -3879  -6436  -2478  -4966 
 -3704  -9385  -7306  -2284  -5337  -9408  -4440  -3349  -7813  -5140  -2799    134  -2836    456    -67   2615   5594   6047   5642   5332   4216   3167   -542   3915   6455   1718   2702   3307   3036   4604   3974   3619   3052   3104   2415      0  22629   2392    487   1759  -1282  -8957  -8440  -5990  -6773  -3976  -4343  -6459  -3133 
 -4190  -9205  -7493  -2624  -5518  -9384  -4178  -2763  -7092  -5403  -2450   1556  -1977    999   1465   4560   7154   7757   5813   5868   5198   4969   -926   4135   8282   2964   3030   3771   4507   5384   5104   5322   5219   3498   3456  22629      0    855   -624   4121   -366  -8546  -8902  -5068  -4956  -5362  -3751  -5524  -3687 
  -914  -3350  -6721   1305  -4890  -6891  -4136  -7529  -8809  -5737  -4079    704   3537   5788    511   1887   1700    -57  -1626  -1691  -3032   2026  -7732    112   2879   -535   -904   -650   2750    825   3711    536   2879    858   3688   2392    855      0  15463   1156    603  -7613  -9722  -3274  -2533  -1886  -1639  -3353  -3367 
 -1737  -2280  -4724     81  -5435  -4924  -2793  -7637  -9503  -2783  -4572  -1062   1934   5434    621   -699     88  -2777  -3306  -3552  -3993    696 -10562  -2100    680  -4404  -2763  -2768   1331   -890     91      9   -355  -1053     16    487   -624  15463      0    711   1124  -9035  -9439  -3692  -5444  -2230  -3545  -3848  -5303 
 -3915  -6524  -9519  -4138  -4258  -8588  -5287  -5854  -6203  -6562   -728   2083  -3900   2148  -1166    668   4687   1208   1388   1127   1434   2496  -6761   1859   4370   1145   3262   2501    827   -156    204   2076   4043   4747    555   1759   4121   1156    711      0    158  -8912 -11149   2100   1118  -4263  -1140    -34  -6536 
 -4611  -7630 -10507  -1498  -8496  -7327    130  -6215  -7201  -5918   -778   2194  -3418   -682    599    736  -1264   -463  -2259  -1703  -1242  -2101  -8281   -949   -642  -3495  -1458  -2466   2646   2677    919   -450   2422   -259   -446  -1282   -366    603   1124    158      0  -8804  -9793   -581  -2016  -5204  -7468   -314  -7098 
 -8293  -8788  -5305  -8484  -7529  -9675  -9476  -9220  -6530  -8916  -9130 -11459 -11870  -8105  -8464  -8405  -8971  -9201 -10647 -10241  -9043  -8684  -8355  -9716  -8257 -10367 -10694 -10350  -8119  -7826 -10554  -9306  -8897  -8796 -10295  -8957  -8546  -7613  -9035  -8912  -8804      0   2504  -8757  -7852  -5943  -7139  -9122  -6281 
 -9648  -5721  -6329  -6475 -10107  -9735  -5427  -4815  -6683  -6133 -10990 -11487 -11679  -9752  -8624  -9311  -7173 -10582  -8721  -9479  -8213  -8069  -8531  -9756  -8224  -8820  -9516 -10957  -8603  -7602 -11514  -9550 -10552  -9840 -10581  -8440  -8902  -9722  -9439 -11149  -9793   2504      0 -12630 -13543 -11918 -11315 -13604 -11243 
 -4079  -4339  -3979  -3349  -6174  -6448   -610  -2738  -5165  -3703  -1059  -2601  -5363  -3028  -2789  -1516  -1632  -2606  -4705  -3798  -4041  -2215  -6180   -945  -2034  -2132  -1768   -980  -2812  -1034  -2369  -1986  -2303  -1161  -1999  -5990  -5068  -3274  -3692   2100   -581  -8757 -12630      0  20939   9516   4171  23455   8074 
 -3215  -6495  -6022  -2369  -5179  -8160  -3755  -3684  -6678  -5080   -298  -3197  -6683  -4008  -3345  -1266  -2169   -138  -2710  -1857  -4738  -3750  -7376  -1013  -2001  -1946  -2041  -1372  -3734  -1871  -3267  -1572  -2187  -2059  -2324  -6773  -4956  -2533  -5444   1118  -2016  -7852 -13543  20939      0   9318   7113  24224   8986 
  -461  -4086  -4827  -2526  -3392  -5290  -2810  -5470  -5443  -4921  -2638  -5444  -5930  -4359  -4215  -4558  -3650  -4414  -5212  -5420  -4906  -5424    291  -5098  -5109  -4620  -5349  -3615  -3765  -5251  -4285  -6983  -4204  -2896  -3879  -3976  -5362  -1886  -2230  -4263  -5204  -5943 -11918   9516   9318      0  -2052  10348  23790 
 -2325  -5021  -7842  -3958  -6330  -3504  -6837  -4708  -6749  -2578  -2659  -5254  -5492  -5017  -4329  -4006  -2473  -3938  -5500  -5446  -4135   -753  -6881  -6147  -3659  -4781  -6812  -6455  -4134  -6568  -5694  -4398  -3635  -5119  -6436  -4343  -3751  -1639  -3545  -1140  -7468  -7139 -11315   4171   7113  -2052      0   5263  -2759 
 -3775  -6419  -6780  -3451  -5652  -7546  -2339  -3817  -6780  -5651  -1423  -2225  -5334  -5034  -3570  -2103  -2355  -1981  -4108  -3145  -5671  -4247  -6308  -2229  -3451  -2291  -2313  -1070  -3802  -1928  -2968  -1865  -2446  -2541  -2478  -6459  -5524  -3353  -3848    -34   -314  -9122 -13604  23455  24224  10348   5263      0  10150 
    54  -3763  -5375  -4054  -4686  -6371  -2629  -3931  -6167  -3813  -1990  -4042  -7110  -5864  -2568  -3043  -4032  -4233  -4632  -5675  -4687  -6581    179  -5490  -4405  -2625  -5143  -3305  -3906  -3374  -3905  -5123  -3960  -3062  -4966  -3133  -3687  -3367  -5303  -6536  -7098  -6281 -11243   8074   8986  23790  -2759  10150      0 
