     0   -740  -3572  12639  -2912  -4101   -701  -5452  -1447   -190  -1952  -5201  -4612  -3835  -4374  -5290  -4435  -2639  -3880  -4344  -5114  -2934  -6520  -4418  -5214  -4348  -5759  -5777  -2716  -4148  -6039  -4551  -3274  -5204  -3831  -2450  -3056  -1264  -2227  -3943  -3897  -8439  -8636  -4036  -2878  -1431  -2734  -3052  -1338 
  -740      0  -2572   -309  -5214  -4648   -760  -5038  -3396  -1379  -1909  -5891  -6822  -6873  -9855  -7007  -7183  -5970  -8663  -6442  -5227  -6478  -4280  -8119  -6685  -8357  -7465  -7688  -8349  -9337  -8168  -7644  -7215  -7789  -8527  -8514  -8551  -5908  -5207  -5268  -8189  -7556  -4949  -2858  -6299  -3868  -6009  -6548  -3522 
 -3572  -2572      0  -4873   -382  -7508   1445  -4240  -7045   1323  -7297  -7438  -5917  -2874  -7275  -6238  -6592  -6552  -7301  -6677  -6808  -7262  -7899  -6156  -6626  -7178  -7622  -7390  -4723  -6773  -6604  -8441  -7820  -8258  -5022  -5800  -5490  -2864  -2332  -8541  -4964  -4871  -6329  -3094  -5372  -4827  -7107  -6523  -5375 
 12639   -309  -4873      0  -6099  -5943  -3274  -5033  -5338  -2321  -2047  -6381  -6149  -2536  -5318  -4907  -1599  -3295  -4198  -3097  -3742  -2851  -7078  -3050  -4209  -4751  -4264  -3897  -1737  -3548  -3050  -4682  -3513  -5485  -1401  -2273  -3010   1077   -605  -3815   -871  -7784  -6125  -3955  -3050  -4558  -3910  -3584  -4511 
 -2912  -5214   -382  -6099      0  -5873  -2389  -5926  -6121  -3968  -4317  -5298  -7329  -5134  -8185  -4727  -5431  -6200  -6176  -5639  -6267  -8260  -8239  -6894  -5610  -5719  -7474  -7165  -7932  -8260  -4123  -4953  -4864  -6932  -5455  -6029  -5576  -5304  -5840  -4342  -7823  -7729  -9423  -5742  -5059  -4289  -6875  -6319  -5140 
 -4101  -4648  -7508  -5943  -5873      0  -6334  -1596  -3984  -3433  11900  -5783  -7164  -7279  -7314  -5885  -5901  -8213  -8243  -8572  -7207  -7525  -5711  -7138  -7160  -7078  -7770  -5889  -6231  -8565  -7671  -7171  -5272  -7721  -7342  -8639  -8977  -7097  -5120  -7759  -7075  -9174  -9601  -6221  -6858  -5019  -3218  -6600  -5882 
  -701   -760   1445  -3274  -2389  -6334      0  -1076  -5181  23661   -774  -6929  -5558  -1407  -5820  -5432  -4011  -4047  -5768  -4788  -3156  -5838  -8047  -5067  -4609  -4838  -4409  -4087  -3120  -4770  -2130  -3572  -1230  -3898  -2198  -5078  -5151  -3180  -2361  -5932  -1386  -8865  -5356  -1368  -3594  -4791  -6188  -3006  -3295 
 -5452  -5038  -4240  -5033  -5926  -1596  -1076      0  -4152   -369   -599  -6460  -5627  -7690  -6074  -3766   -796  -4656  -6442  -5442  -3588  -5180  -5211  -4630  -2528  -5318  -3756  -3291  -5225  -6121  -5107  -4080  -2422  -4476  -5445  -3925  -3341  -6950  -7523  -5686  -5401  -8513  -4815  -3071  -4299  -4066  -5285  -4252  -4076 
 -1447  -3396  -7045  -5338  -6121  -3984  -5181  -4152      0  -3884  -2027  -6178  -6336  -5244  -7428  -7830  -6190  -6794  -7676  -6487  -7116  -6620  -5558  -3785  -6935  -5691  -6117  -4781  -5986  -6936  -7024  -7059  -5253  -6064  -7954  -7286  -7394  -5773  -4839  -6028  -4728  -4621  -3519  -4649  -4844  -5095  -5828  -5041  -5766 
  -190  -1379   1323  -2321  -3968  -3433  23661   -369  -3884      0  -2413  -3588  -2283  -3384  -4052  -1883  -3787  -3196  -4873  -4803  -5015  -5468  -3342  -4746  -4678  -3167  -3726  -2950  -3732  -3467  -3897   -778  -1904  -3810  -4022  -4415  -4127  -4873  -3319  -5334  -3339  -8880  -6062  -2197  -2563  -4709  -2993  -3715  -4226 
 -1952  -1909  -7297  -2047  -4317  11900   -774   -599  -2027  -2413      0  -3286  -4043  -3378  -6005  -1550  -1725  -2701  -4339  -4393  -2171  -3850  -3072  -3116  -2866  -5826  -4459  -3537  -4228  -3763  -3972  -2860  -1817    179  -2381  -2691  -1540  -1489  -2147  -2311     37  -8255  -7858   -394   -203  -2139  -2731  -1168   -793 
 -5201  -5891  -7438  -6381  -5298  -5783  -6929  -6460  -6178  -3588  -3286      0   5857    253   7865   9557   4325   8232   6237   7097   3101   3868   -342   6824   6108   6788   6678   6905   5170   5031   3754   5597   7587   4380   3813   3716   4331   3234    835   2876   1819 -10256 -10627  -2736  -2529  -5642  -5061  -2752  -4400 
 -4612  -6822  -5917  -6149  -7329  -7164  -5558  -5627  -6336  -2283  -4043   5857      0    562    697   3664   1898  -1224  -1452   -402   -193    930  -4788   1191   2693   3285   3922   2156   1437    826   1467   3319   2819   2498   2928   -630    305   4158   2322   -799   -765 -10656 -10772  -2568  -4704  -6391  -5416  -3976  -5726 
 -3835  -6873  -2874  -2536  -5134  -7279  -1407  -7690  -5244  -3384  -3378    253    562      0   2199   3643   3995   1819    560   2076  -1256    192   -497   3876   2901    269   4454   2537   2986   1528   4872   4255   4971   4898   5499    698   1455   7961   7053   5427   2384  -8205  -9478   -276  -1466  -4526  -4758  -1974  -4211 
 -4374  -9855  -7275  -5318  -8185  -7314  -5820  -6074  -7428  -4052  -6005   7865    697   2199      0  10496   7964   4011   2900   2795    867   2229  -2507   6429   7886   8306   7826   7856   5743   9172   4704   9222   7950   3839   5073   3232   4230   2719   2648    551   1758  -8434  -8661  -1420  -2468  -5208  -4043  -3082  -3090 
 -5290  -7007  -6238  -4907  -4727  -5885  -5432  -3766  -7830  -1883  -1550   9557   3664   3643  10496      0   7086   4455   4955   6298   1932   3408   2859   7399   9554  11488   9520   9681   9506   8503   5966  12035   9940   6589   6035   4266   6374   3851    593   1870    387  -8505  -9325   -804   -645  -5746  -3638  -1765  -3578 
 -4435  -7183  -6592  -1599  -5431  -5901  -4011   -796  -6190  -3787  -1725   4325   1898   3995   7964   7086      0   5240   4504   5357   3618   8375   4185  10372  13753  10415  14887  12270  11464   9976   9583  11828  13227  12820  10048   7143   8164   4219   2110   5898   -543  -8869  -7273  -1111   -814  -1770  -2131  -1749  -1169 
 -2639  -5970  -6552  -3295  -6200  -8213  -4047  -4656  -6794  -3196  -2701   8232  -1224   1819   4011   4455   5240      0  22064  24830  16283   6818    153   4203   8031   6169   5630   5630   5021   4718   6751   8648   7185   3888   4503   7782   9629   2306   -455   2258    277  -8633 -10125  -1626    169  -3289  -3005  -1201  -1710 
 -3880  -8663  -7301  -4198  -6176  -8243  -5768  -6442  -7676  -4873  -4339   6237  -1452    560   2900   4955   4504  22064      0  23134  17030   6906   -963   3160   6646   5644   4926   4715   4126   4025   4282   7864   6310   4738   2300   7589   8093   -232  -2100   2606  -1211  -9757  -8021  -3831  -2547  -3066  -4475  -4122  -1707 
 -4344  -6442  -6677  -3097  -5639  -8572  -4788  -5442  -6487  -4803  -4393   7097   -402   2076   2795   6298   5357  24830  23134      0  16320   7483   -707   3369   5969   6314   6155   5142   3024   3765   5553   9189   6630   4918   2471   7375   8088   -251  -1958   2296  -1209  -9275  -9129  -2625  -1660  -3922  -4014  -2846  -2630 
 -5114  -5227  -6808  -3742  -6267  -7207  -3156  -3588  -7116  -5015  -2171   3101   -193  -1256    867   1932   3618  16283  17030  16320      0   9936  -2621   1850   4198   2515   1519   2351   1851   2999   3974   2105   2845   2174   1310   7412   8197  -1378  -2170   1789  -1241  -8557  -8329  -2650  -3267  -3028  -3403  -4218  -2123 
 -2934  -6478  -7262  -2851  -8260  -7525  -5838  -5180  -6620  -5468  -3850   3868    930    192   2229   3408   8375   6818   6906   7483   9936      0  -1226   4283   6209   3101   4527   4613   5163   6125   6097   6406   5346   3712   3592   6630   7955   4639   2500   3790   -677  -7988  -7769  -1261  -2499  -2374   -789  -2347  -3149 
 -6520  -4280  -7899  -7078  -8239  -5711  -8047  -5211  -5558  -3342  -3072   -342  -4788   -497  -2507   2859   4185    153   -963   -707  -2621  -1226      0   9806   9404   9619   9553   9311   7314   7018   3438   4377   5682   7995   4102    -61    277  -3674  -7431  -1356  -4098  -7860  -6773  -4218  -4117   1415  -5603  -3991    894 
 -4418  -8119  -6156  -3050  -6894  -7138  -5067  -4630  -3785  -4746  -3116   6824   1191   3876   6429   7399  10372   4203   3160   3369   1850   4283   9806      0  13849  17293  16152  16244  11941  12491  10570  10790  11011  13259  10312   6049   5822   3035   -527   3231    815  -9358  -9588      4    344  -5595  -4795  -1354  -4888 
 -5214  -6685  -6626  -4209  -5610  -7160  -4609  -2528  -6935  -4678  -2866   6108   2693   2901   7886   9554  13753   8031   6646   5969   4198   6209   9404  13849      0  13134  14763  14115  10852  10179   9719  14740  13762  10471  10501   7876   9834   3613   2269   5594   -344  -8339  -8233    914    476  -3371  -3680   -964  -2855 
 -4348  -8357  -7178  -4751  -5719  -7078  -4838  -5318  -5691  -3167  -5826   6788   3285    269   8306  11488  10415   6169   5644   6314   2515   3101   9619  17293  13134      0  17230  16981  12067  10924   9430  12944  11241  11569   9834   4354   5507   1922  -2451   3406  -1972  -9296  -8620  -1429  -1701  -5340  -5061  -1888  -3406 
 -5759  -7465  -7622  -4264  -7474  -7770  -4409  -3756  -6117  -3726  -4459   6678   3922   4454   7826   9520  14887   5630   4926   6155   1519   4527   9553  16152  14763  17230      0  26903  13839  14765  11700  16012  15653  13671  14845   4958   5128   1296  -1144   5189   -597 -10197  -9616   -176  -1104  -4344  -5473  -1518  -3958 
 -5777  -7688  -7390  -3897  -7165  -5889  -4087  -3291  -4781  -2950  -3537   6905   2156   2537   7856   9681  12270   5630   4715   5142   2351   4613   9311  16244  14115  16981  26903      0  13804  16162  12972  15649  15774  13511  13978   5745   6032   1954   -544   4162   -555 -10267 -11178   -545   -955  -3510  -4898  -1130  -2509 
 -2716  -8349  -4723  -1737  -7932  -6231  -3120  -5225  -5986  -3732  -4228   5170   1437   2986   5743   9506  11464   5021   4126   3024   1851   5163   7314  11941  10852  12067  13839  13804      0  17935  14154   9266  11757  12417  12307   4296   5623   4744   2463   2473   4946  -7842  -8603  -1566  -1960  -5817  -4638  -2775  -4381 
 -4148  -9337  -6773  -3548  -8260  -8565  -4770  -6121  -6936  -3467  -3763   5031    826   1528   9172   8503   9976   4718   4025   3765   2999   6125   7018  12491  10179  10924  14765  16162  17935      0  14465  12625  12070  12983  14307   6766   6915   2803     -7   2863   3585  -7878  -7602  -1271  -1980  -4834  -4918  -2527  -3758 
 -6039  -8168  -6604  -3050  -4123  -7671  -2130  -5107  -7024  -3897  -3972   3754   1467   4872   4704   5966   9583   6751   4282   5553   3974   6097   3438  10570   9719   9430  11700  12972  14154  14465      0  10257  12654  11769  22324   5889   7001   5408    546   3863   2683 -10051 -11229   -947  -1310  -5850  -4652  -1497  -4848 
 -4551  -7644  -8441  -4682  -4953  -7171  -3572  -4080  -7059   -778  -2860   5597   3319   4255   9222  12035  11828   8648   7864   9189   2105   6406   4377  10790  14740  12944  16012  15649   9266  12625  10257      0  21646  11282  11134   6424   7292   2350   2205   4299   1411  -9362  -9356    180  -1079  -4166  -3825  -1103  -2912 
 -3274  -7215  -7820  -3513  -4864  -5272  -1230  -2422  -5253  -1904  -1817   7587   2819   4971   7950   9940  13227   7185   6310   6630   2845   5346   5682  11011  13762  11241  15653  15774  11757  12070  12654  21646      0  17991  13865   5054   6867   3998   2046   5820   3272  -8980 -10418   -966   -674  -4392  -2983  -1168  -2820 
 -5204  -7789  -8258  -5485  -6932  -7721  -3898  -4476  -6064  -3810    179   4380   2498   4898   3839   6589  12820   3888   4738   4918   2174   3712   7995  13259  10471  11569  13671  13511  12417  12983  11769  11282  17991      0  14140   4156   4458   3457    156   6308    818  -8896  -9840   -423   -608  -3999  -3017  -1441  -3671 
 -3831  -8527  -5022  -1401  -5455  -7342  -2198  -5445  -7954  -4022  -2381   3813   2928   5499   5073   6035  10048   4503   2300   2471   1310   3592   4102  10312  10501   9834  14845  13978  12307  14307  22324  11134  13865  14140      0   3696   4962   3276    482   3849   1769  -9648 -10123  -1283    -26  -6101  -5284  -1759  -5183 
 -2450  -8514  -5800  -2273  -6029  -8639  -5078  -3925  -7286  -4415  -2691   3716   -630    698   3232   4266   7143   7782   7589   7375   7412   6630    -61   6049   7876   4354   4958   5745   4296   6766   5889   6424   5054   4156   3696      0  25787   2725    758   2939    331  -8320  -8380  -1806  -3556  -2502  -3119  -4168   -917 
 -3056  -8551  -5490  -3010  -5576  -8977  -5151  -3341  -7394  -4127  -1540   4331    305   1455   4230   6374   8164   9629   8093   8088   8197   7955    277   5822   9834   5507   5128   6032   5623   6915   7001   7292   6867   4458   4962  25787      0   2305   1234   5252    690  -7910  -8942  -3147  -3292  -3492  -3258  -4328  -1510 
 -1264  -5908  -2864   1077  -5304  -7097  -3180  -6950  -5773  -4873  -1489   3234   4158   7961   2719   3851   4219   2306   -232   -251  -1378   4639  -3674   3035   3613   1922   1296   1954   4744   2803   5408   2350   3998   3457   3276   2725   2305      0  17359   5225   2261  -7713  -8845  -1793  -1668  -3473  -1927  -2625  -2675 
 -2227  -5207  -2332   -605  -5840  -5120  -2361  -7523  -4839  -3319  -2147    835   2322   7053   2648    593   2110   -455  -2100  -1958  -2170   2500  -7431   -527   2269  -2451  -1144   -544   2463     -7    546   2205   2046    156    482    758   1234  17359      0   5010   3255  -9235  -8352  -3468  -3432  -3831  -3666  -3245  -4620 
 -3943  -5268  -8541  -3815  -4342  -7759  -5932  -5686  -6028  -5334  -2311   2876   -799   5427    551   1870   5898   2258   2606   2296   1789   3790  -1356   3231   5594   3406   5189   4162   2473   2863   3863   4299   5820   6308   3849   2939   5252   5225   5010      0   2016  -8320  -9332   2657   2539  -3075   -602    463  -4228 
 -3897  -8189  -4964   -871  -7823  -7075  -1386  -5401  -4728  -3339     37   1819   -765   2384   1758    387   -543    277  -1211  -1209  -1241   -677  -4098    815   -344  -1972   -597   -555   4946   3585   2683   1411   3272    818   1769    331    690   2261   3255   2016      0  -8104  -9343    546   -341  -5364  -4498   1499  -5823 
 -8439  -7556  -4871  -7784  -7729  -9174  -8865  -8513  -4621  -8880  -8255 -10256 -10656  -8205  -8434  -8505  -8869  -8633  -9757  -9275  -8557  -7988  -7860  -9358  -8339  -9296 -10197 -10267  -7842  -7878 -10051  -9362  -8980  -8896  -9648  -8320  -7910  -7713  -9235  -8320  -8104      0   1560  -8523  -7852  -5377  -7139  -9188  -6014 
 -8636  -4949  -6329  -6125  -9423  -9601  -5356  -4815  -3519  -6062  -7858 -10627 -10772  -9478  -8661  -9325  -7273 -10125  -8021  -9129  -8329  -7769  -6773  -9588  -8233  -8620  -9616 -11178  -8603  -7602 -11229  -9356 -10418  -9840 -10123  -8380  -8942  -8845  -8352  -9332  -9343   1560      0 -11703 -12437  -6657  -9735 -12360  -6942 
 -4036  -2858  -3094  -3955  -5742  -6221  -1368  -3071  -4649  -2197   -394  -2736  -2568   -276  -1420   -804  -1111  -1626  -3831  -2625  -2650  -1261  -4218      4    914  -1429   -176   -545  -1566  -1271   -947    180   -966   -423  -1283  -1806  -3147  -1793  -3468   2657    546  -8523 -11703      0  23815  16852   9732  25874  15993 
 -2878  -6299  -5372  -3050  -5059  -6858  -3594  -4299  -4844  -2563   -203  -2529  -4704  -1466  -2468   -645   -814    169  -2547  -1660  -3267  -2499  -4117    344    476  -1701  -1104   -955  -1960  -1980  -1310  -1079   -674   -608    -26  -3556  -3292  -1668  -3432   2539   -341  -7852 -12437  23815      0  17321  12999  28104  16762 
 -1431  -3868  -4827  -4558  -4289  -5019  -4791  -4066  -5095  -4709  -2139  -5642  -6391  -4526  -5208  -5746  -1770  -3289  -3066  -3922  -3028  -2374   1415  -5595  -3371  -5340  -4344  -3510  -5817  -4834  -5850  -4166  -4392  -3999  -6101  -2502  -3492  -3473  -3831  -3075  -5364  -5377  -6657  16852  17321      0   3244  18607  26842 
 -2734  -6009  -7107  -3910  -6875  -3218  -6188  -5285  -5828  -2993  -2731  -5061  -5416  -4758  -4043  -3638  -2131  -3005  -4475  -4014  -3403   -789  -5603  -4795  -3680  -5061  -5473  -4898  -4638  -4918  -4652  -3825  -2983  -3017  -5284  -3119  -3258  -1927  -3666   -602  -4498  -7139  -9735   9732  12999   3244      0  10916   3147 
 -3052  -6548  -6523  -3584  -6319  -6600  -3006  -4252  -5041  -3715  -1168  -2752  -3976  -1974  -3082  -1765  -1749  -1201  -4122  -2846  -4218  -2347  -3991  -1354   -964  -1888  -1518  -1130  -2775  -2527  -1497  -1103  -1168  -1441  -1759  -4168  -4328  -2625  -3245    463   1499  -9188 -12360  25874  28104  18607  10916      0  17985 
 -1338  -3522  -5375  -4511  -5140  -5882  -3295  -4076  -5766  -4226   -793  -4400  -5726  -4211  -3090  -3578  -1169  -1710  -1707  -2630  -2123  -3149    894  -4888  -2855  -3406  -3958  -2509  -4381  -3758  -4848  -2912  -2820  -3671  -5183   -917  -1510  -2675  -4620  -4228  -5823  -6014  -6942  15993  16762  26842   3147  17985      0 
