     0   -894  -3529  12605  -3223  -4120   -732  -6079  -3135   -682  -2274  -5164  -4468  -4073  -5020  -6159  -4728  -3538  -4382  -5288  -5439  -3193  -4931  -4986  -5236  -4537  -6367  -6268  -3006  -4922  -6683  -5431  -3870  -5555  -4114  -2531  -3292  -2295  -2802  -4229  -3588  -8090  -9042  -3233   -773  -1921  -3487  -1761  -1824 
  -894      0  -2592   -922  -5153  -4420    184  -5133  -3936  -1014  -1603  -6362  -7110  -6927 -10319  -6943  -6559  -6172  -8888  -6386  -5841  -6242  -9241  -8617  -6638  -8812  -7644  -7980  -8602  -9660  -8985  -8491  -8005  -8427  -9142  -8972  -8500  -6188  -5944  -5087  -7324  -6730  -4155  -3621  -3273  -3709  -5477  -3831  -3830 
 -3529  -2592      0  -4571   -344  -8183   1370  -5142  -8893    331  -7527  -7912  -6291  -3901  -7746  -7343  -7671  -6551  -7811  -6987  -7902  -7620  -6387  -5859  -7389  -7950  -7940  -7630  -5914  -7868  -7576  -8430  -8300  -8814  -5711  -5705  -5628  -3111  -2816  -8784  -5313  -5341  -7380  -4872  -6261  -5311  -7953  -6192  -5859 
 12605   -922  -4571      0  -6683  -6788  -3814  -5427  -5225  -3138  -2862  -6216  -5913  -2421  -5662  -5209  -1812  -3593  -4983  -3678  -3970  -3798  -3436  -3337  -4506  -4815  -4482  -4384  -1988  -4430  -3737  -5292  -3644  -5443  -1801  -3063  -3784   1050  -1357  -3857   -747  -7537  -5222  -4549  -3853  -5331  -5283  -6184  -5457 
 -3223  -5153   -344  -6683      0  -6385  -3080  -6318  -6763  -3596  -4657  -5590  -7779  -5595  -8446  -5033  -5898  -6420  -6527  -6131  -6843  -8264  -7726  -7434  -6165  -6134  -8153  -7978  -8610  -8688  -5165  -5419  -5307  -7214  -6496  -5451  -6130  -5755  -6501  -3622  -8056  -7839  -9924  -4444  -4902  -5034  -6614  -5666  -5482 
 -4120  -4420  -8183  -6788  -6385      0  -5660  -1702  -5206  -3667  11681  -6234  -8105  -7585  -7860  -6206  -6540  -8350  -8360  -8876  -7687  -7670  -8230  -7876  -8077  -7605  -7426  -5545  -6490  -8763  -8254  -7675  -5763  -8499  -8088  -8612  -8812  -6836  -4958  -8189  -6869  -8839  -9437  -7362  -6447  -5326  -6602  -5174  -6184 
  -732    184   1370  -3814  -3080  -5660      0  -2127  -7434  23624  -1932  -7283  -6214  -1880  -6440  -5953  -4575  -4759  -5932  -5615  -3762  -5768  -4205  -5250  -4971  -5869  -4651  -4359  -3482  -5083  -3028  -4122  -1786  -4395  -2808  -5237  -5500  -2962  -2803  -6132  -1354  -8727  -5222  -2656  -4558  -5442  -6017  -6106  -3916 
 -6079  -5133  -5142  -5427  -6318  -1702  -2127      0  -4097  -1160   -962  -7961  -9523  -9190  -7994  -5851  -2934  -5688  -6965  -6962  -4336  -5687  -6036  -6662  -5254  -7018  -5030  -4291  -6331  -7695  -5795  -5730  -4352  -6375  -6841  -4446  -5835  -8369  -8308  -7257  -6819  -5614  -4063  -5266  -4879  -4198  -5857  -5039  -5273 
 -3135  -3936  -8893  -5225  -6763  -5206  -7434  -4097      0  -4791  -1093  -6664  -8185  -7334  -8129  -8426  -7624  -7539  -8594  -6946  -6512  -6244  -5159  -4145  -7977  -6532  -6781  -5422  -7099  -7195  -8263  -8034  -6394  -7881  -9080  -7836  -8479  -8371  -7364  -6709  -6447  -3701  -2042  -4695  -5619  -5297  -5058  -5252  -5960 
  -682  -1014    331  -3138  -3596  -3667  23624  -1160  -4791      0  -3503  -4114  -2966  -3987  -4823  -2819  -4635  -4163  -5398  -5861  -5375  -5953  -5622  -5270  -4108  -4280  -4595  -3603  -3930  -4250  -5185  -1823  -2935  -4400  -5361  -4442  -3886  -5641  -4637  -5566  -3980  -5820  -3952  -3572  -3716  -4801  -4331  -4716  -4380 
 -2274  -1603  -7527  -2862  -4657  11681  -1932   -962  -1093  -3503      0  -3725  -5365  -3475  -6403  -2138  -2382  -2989  -4409  -4128  -3114  -3924   -785  -3966  -3459  -5792  -4715  -4285  -4105  -3708  -4034  -3583  -2536  -1037  -2799  -3374  -1822  -2540  -2391  -2503   -288  -7175  -6885   -638  -1529  -2455  -5319  -3137  -1272 
 -5164  -6362  -7912  -6216  -5590  -6234  -7283  -7961  -6664  -4114  -3725      0   6640   -248   7599   8731   4562   8117   6079   6774   2794   3671   6702   6440   6106   7384   7443   7492   4976   4636   2687   5585   7774   3702   3026   4302   4400   2918    351   2243   1738 -10880 -11058  -4170  -4348  -6465  -5775  -7292  -5205 
 -4468  -7110  -6291  -5913  -7779  -8105  -6214  -9523  -8185  -2966  -5365   6640      0    112    452   2998   1329  -1716  -2571   -876   -958    331   1751   1183   2999   2415   3582   1815   1254   -149    558   2807   2209   2923   2308  -1484   -269   3966   1108  -1027  -1288 -11172 -11790  -4351  -3521  -7240  -6105  -7991  -6528 
 -4073  -6927  -3901  -2421  -5595  -7585  -1880  -9190  -7334  -3987  -3475   -248    112      0   2251   3415   3955   1058   -247   1029  -1771   -504   4639   3142   2229    341   3693   1776   3235   1291   4352   3435   4131   4673   4993    -62    860   7855   6578   6089   2622  -8682  -9762  -4178  -2427  -4767  -7450  -5653  -4472 
 -5020 -10319  -7746  -5662  -8446  -7860  -6440  -7994  -8129  -4823  -6403   7599    452   2251      0  10353   8210   3896   2503   2405    722   2329   5628   6457   8159   7977   6935   6721   5299   8425   4034   8084   6776   3833   4420   3320   4152   1704   2167    434   2166  -8570  -9165  -2836  -2214  -6313  -6203  -6628  -4175 
 -6159  -6943  -7343  -5209  -5033  -6206  -5953  -5851  -8426  -2819  -2138   8731   2998   3415  10353      0   6625   4511   4344   5948   2315   2958   9736   7789   9217  10665   8850   9015   8687   8412   5776  11673   9877   6681   5735   3597   6186   3359    167   1759   -329  -9204  -9258  -3372  -1603  -6532  -5400  -6264  -4253 
 -4728  -6559  -7671  -1812  -5898  -6540  -4575  -2934  -7624  -4635  -2382   4562   1329   3955   8210   6625      0   5003   3970   5214   3233   8913   8991  10048  13189  10031  14415  12132  11060   9508   9221  11383  12403  12185   9774   6812   7815   3420   1278   5098   -524  -8491  -7342     50  -1857  -2821  -2961  -3850  -2393 
 -3538  -6172  -6551  -3593  -6420  -8350  -4759  -5688  -7539  -4163  -2989   8117  -1716   1058   3896   4511   5003      0  23122  26061  16375   6582   6611   4740   7652   5149   4887   4880   4101   4444   6885   7730   6816   3925   4917   7523   9607   1731  -1105   2287    280  -8044  -9376  -2808  -1943  -3719  -6123  -3801  -2137 
 -4382  -8888  -7811  -4983  -6527  -8360  -5932  -6965  -8594  -5398  -4409   6079  -2571   -247   2503   4344   3970  23122      0  23911  17589   7059   4310   3653   6438   4618   4445   4230   3679   3811   3941   7493   5952   4141   1609   7751   8145   -500  -2687   2104  -1433 -10440  -8972  -3108  -2873  -4257  -6141  -5234  -2879 
 -5288  -6386  -6987  -3678  -6131  -8876  -5615  -6962  -6946  -5861  -4128   6774   -876   1029   2405   5948   5214  26061  23911      0  16123   6897   4821   3522   5484   5482   5579   4626   2662   4061   5838   8423   5879   5016   3029   6996   7844   -938  -2137   2045  -1310  -8961  -8730  -3298  -2414  -4157  -5727  -4718  -2854 
 -5439  -5841  -7902  -3970  -6843  -7687  -3762  -4336  -6512  -5375  -3114   2794   -958  -1771    722   2315   3233  16375  17589  16123      0   9692   2625   1837   4252   2481   1548   2368   1478   3387   3560   2701   3239   2445    782   6540   7411  -1814  -2881   1353  -2393  -9005  -8165  -1894  -2272  -3512  -4798  -3760  -2342 
 -3193  -6242  -7620  -3798  -8264  -7670  -5768  -5687  -6244  -5953  -3924   3671    331   -504   2329   2958   8913   6582   7059   6897   9692      0   4587   4174   5477   2591   4901   4978   4032   5705   5572   6652   5228   3997   3349   7475   8186   4191   1499   3234   -415  -8017  -7928  -3030  -3312  -3845  -4737  -4521  -3977 
 -4931  -9241  -6387  -3436  -7726  -8230  -4205  -6036  -5159  -5622   -785   6702   1751   4639   5628   9736   8991   6611   4310   4821   2625   4587      0  17467  14612  16695  16034  16109  15654  14302  10294  11051  13543  13568  11577   3783   4688   2511   -375   3602   2568 -10365 -10470  -2761  -2162  -3863  -6771  -3940  -3029 
 -4986  -8617  -5859  -3337  -7434  -7876  -5250  -6662  -4145  -5270  -3966   6440   1183   3142   6457   7789  10048   4740   3653   3522   1837   4174  17467      0  14356  17943  16419  16374  11546  13145  11132  11495  11718  13908  10443   6292   5818   2579   -992   2899    539  -9687 -10093  -4505  -3278  -6540  -7749  -5930  -5904 
 -5236  -6638  -7389  -4506  -6165  -8077  -4971  -5254  -7977  -4108  -3459   6106   2999   2229   8159   9217  13189   7652   6438   5484   4252   5477  14612  14356      0  12838  14444  13794  10686  10179   9706  14180  13206  11054  10474   7312   9510   3360   2851   5540   -704  -8516  -8660  -1027  -3897  -4421  -7822  -5201  -3918 
 -4537  -8812  -7950  -4815  -6134  -7605  -5869  -7018  -6532  -4280  -5792   7384   2415    341   7977  10665  10031   5149   4618   5482   2481   2591  16695  17943  12838      0  18662  18414  12639  12071   9281  13273  11789  12834   9570   3635   4572   1993  -2383   3057  -2489  -9901  -9635  -2372  -1788  -6418  -7057  -6544  -4471 
 -6367  -7644  -7940  -4482  -8153  -7426  -4651  -5030  -6781  -4595  -4715   7443   3582   3693   6935   8850  14415   4887   4445   5579   1548   4901  16034  16419  14444  18662      0  28471  14295  15421  12467  17134  16989  14642  15952   5174   4554   1628  -1997   4417  -1086  -9013  -9275  -2873  -2447  -4506  -7156  -4687  -4135 
 -6268  -7980  -7630  -4384  -7978  -5545  -4359  -4291  -5422  -3603  -4285   7492   1815   1776   6721   9015  12132   4880   4230   4626   2368   4978  16109  16374  13794  18414  28471      0  14723  16827  13745  16774  17118  14247  15085   5583   5197   2294  -1121   3387   -941  -9869 -10277  -1210  -1313  -3698  -6674  -4474  -2682 
 -3006  -8602  -5914  -1988  -8610  -6490  -3482  -6331  -7099  -3930  -4105   4976   1254   3235   5299   8687  11060   4101   3679   2662   1478   4032  15654  11546  10686  12639  14295  14723      0  18594  14543   9719  12914  13618  12578   3469   5075   3934   2576   2377   5316  -8562  -9257  -4037  -2977  -6462  -2927  -7441  -4971 
 -4922  -9660  -7868  -4430  -8688  -8763  -5083  -7695  -7195  -4250  -3708   4636   -149   1291   8425   8412   9508   4444   3811   4061   3387   5705  14302  13145  10179  12071  15421  16827  18594      0  14604  13595  13145  13705  14338   6016   6126   2671   -156   2723   3334  -7261  -7866  -2490  -3925  -5665  -5657  -6918  -4572 
 -6683  -8985  -7576  -3737  -5165  -8254  -3028  -5795  -8263  -5185  -4034   2687    558   4352   4034   5776   9221   6885   3941   5838   3560   5572  10294  11132   9706   9281  12467  13745  14543  14604      0  11214  13618  12504  23507   4502   5931   4910   -239   3653   2146 -11077 -11385  -4115  -3248  -6175  -5381  -6646  -5177 
 -5431  -8491  -8430  -5292  -5419  -7675  -4122  -5730  -8034  -1823  -3583   5585   2807   3435   8084  11673  11383   7730   7493   8423   2701   6652  11051  11495  14180  13273  17134  16774   9719  13595  11214      0  23106  12426  12003   6339   6958   2730   1667   4059   1013  -9965 -10546  -2317  -2648  -4782  -6555  -4591  -3548 
 -3870  -8005  -8300  -3644  -5307  -5763  -1786  -4352  -6394  -2935  -2536   7774   2209   4131   6776   9877  12403   6816   5952   5879   3239   5228  13543  11718  13206  11789  16989  17118  12914  13145  13618  23106      0  19134  14735   4362   5887   3990   1530   5215   2530  -9279 -11623  -1954  -2735  -4392  -5913  -5316  -3136 
 -5555  -8427  -8814  -5443  -7214  -8499  -4395  -6375  -7881  -4400  -1037   3702   2923   4673   3833   6681  12185   3925   4141   5016   2445   3997  13568  13908  11054  12834  14642  14247  13618  13705  12504  12426  19134      0  14762   3226   3631   2994   -239   6427    239  -9922 -10940  -2765  -2399  -4822  -6457  -5322  -4485 
 -4114  -9142  -5711  -1801  -6496  -8088  -2808  -6841  -9080  -5361  -2799   3026   2308   4993   4420   5735   9774   4917   1609   3029    782   3349  11577  10443  10474   9570  15952  15085  12578  14338  23507  12003  14735  14762      0   2595   4175   3237   -413   3641   1525 -10391 -10287  -4934  -2514  -6370  -5925  -6750  -5450 
 -2531  -8972  -5705  -3063  -5451  -8612  -5237  -4446  -7836  -4442  -3374   4302  -1484    -62   3320   3597   6812   7523   7751   6996   6540   7475   3783   6292   7312   3635   5174   5583   3469   6016   4502   6339   4362   3226   2595      0  26022   1999     49   2681    258  -8181  -7899  -1043  -2556  -3424  -5396  -4387  -1830 
 -3292  -8500  -5628  -3784  -6130  -8812  -5500  -5835  -8479  -3886  -1822   4400   -269    860   4152   6186   7815   9607   8145   7844   7411   8186   4688   5818   9510   4572   4554   5197   5075   6126   5931   6958   5887   3631   4175  26022      0   1884    519   4747    628  -8414  -8449  -1506  -2895  -3969  -5967  -5180  -1973 
 -2295  -6188  -3111   1050  -5755  -6836  -2962  -8369  -8371  -5641  -2540   2918   3966   7855   1704   3359   3420   1731   -500   -938  -1814   4191   2511   2579   3360   1993   1628   2294   3934   2671   4910   2730   3990   2994   3237   1999   1884      0  17494   4867   1795  -7886  -9023  -3918  -1250  -4025  -6524  -5417  -3135 
 -2802  -5944  -2816  -1357  -6501  -4958  -2803  -8308  -7364  -4637  -2391    351   1108   6578   2167    167   1278  -1105  -2687  -2137  -2881   1499   -375   -992   2851  -2383  -1997  -1121   2576   -156   -239   1667   1530   -239   -413     49    519  17494      0   4425   2813  -9666  -8947  -4093  -3056  -4370  -7937  -7815  -5084 
 -4229  -5087  -8784  -3857  -3622  -8189  -6132  -7257  -6709  -5566  -2503   2243  -1027   6089    434   1759   5098   2287   2104   2045   1353   3234   3602   2899   5540   3057   4417   3387   2377   2723   3653   4059   5215   6427   3641   2681   4747   4867   4425      0   2321  -7921  -9729  -2318  -3471  -3827  -4784  -4304  -4979 
 -3588  -7324  -5313   -747  -8056  -6869  -1354  -6819  -6447  -3980   -288   1738  -1288   2622   2166   -329   -524    280  -1433  -1310  -2393   -415   2568    539   -704  -2489  -1086   -941   5316   3334   2146   1013   2530    239   1525    258    628   1795   2813   2321      0  -7675  -9282  -5980  -4620  -5908  -4030  -6253  -6350 
 -8090  -6730  -5341  -7537  -7839  -8839  -8727  -5614  -3701  -5820  -7175 -10880 -11172  -8682  -8570  -9204  -8491  -8044 -10440  -8961  -9005  -8017 -10365  -9687  -8516  -9901  -9013  -9869  -8562  -7261 -11077  -9965  -9279  -9922 -10391  -8181  -8414  -7886  -9666  -7921  -7675      0   3353  -4232  -5197  -4649  -3375  -4924  -5288 
 -9042  -4155  -7380  -5222  -9924  -9437  -5222  -4063  -2042  -3952  -6885 -11058 -11790  -9762  -9165  -9258  -7342  -9376  -8972  -8730  -8165  -7928 -10470 -10093  -8660  -9635  -9275 -10277  -9257  -7866 -11385 -10546 -11623 -10940 -10287  -7899  -8449  -9023  -8947  -9729  -9282   3353      0  -6118  -6606  -6993  -6337  -7264  -7279 
 -3233  -3621  -4872  -4549  -4444  -7362  -2656  -5266  -4695  -3572   -638  -4170  -4351  -4178  -2836  -3372     50  -2808  -3108  -3298  -1894  -3030  -2761  -4505  -1027  -2372  -2873  -1210  -4037  -2490  -4115  -2317  -1954  -2765  -4934  -1043  -1506  -3918  -4093  -2318  -5980  -4232  -6118      0  25380  26848  11958  25647  27198 
  -773  -3273  -6261  -3853  -4902  -6447  -4558  -4879  -5619  -3716  -1529  -4348  -3521  -2427  -2214  -1603  -1857  -1943  -2873  -2414  -2272  -3312  -2162  -3278  -3897  -1788  -2447  -1313  -2977  -3925  -3248  -2648  -2735  -2399  -2514  -2556  -2895  -1250  -3056  -3471  -4620  -5197  -6606  25380      0  26366  15579  27816  27844 
 -1921  -3709  -5311  -5331  -5034  -5326  -5442  -4198  -5297  -4801  -2455  -6465  -7240  -4767  -6313  -6532  -2821  -3719  -4257  -4157  -3512  -3845  -3863  -6540  -4421  -6418  -4506  -3698  -6462  -5665  -6175  -4782  -4392  -4822  -6370  -3424  -3969  -4025  -4370  -3827  -5908  -4649  -6993  26848  26366      0  13623  29567  28320 
 -3487  -5477  -7953  -5283  -6614  -6602  -6017  -5857  -5058  -4331  -5319  -5775  -6105  -7450  -6203  -5400  -2961  -6123  -6141  -5727  -4798  -4737  -6771  -7749  -7822  -7057  -7156  -6674  -2927  -5657  -5381  -6555  -5913  -6457  -5925  -5396  -5967  -6524  -7937  -4784  -4030  -3375  -6337  11958  15579  13623      0  13763  13975 
 -1761  -3831  -6192  -6184  -5666  -5174  -6106  -5039  -5252  -4716  -3137  -7292  -7991  -5653  -6628  -6264  -3850  -3801  -5234  -4718  -3760  -4521  -3940  -5930  -5201  -6544  -4687  -4474  -7441  -6918  -6646  -4591  -5316  -5322  -6750  -4387  -5180  -5417  -7815  -4304  -6253  -4924  -7264  25647  27816  29567  13763      0  28946 
 -1824  -3830  -5859  -5457  -5482  -6184  -3916  -5273  -5960  -4380  -1272  -5205  -6528  -4472  -4175  -4253  -2393  -2137  -2879  -2854  -2342  -3977  -3029  -5904  -3918  -4471  -4135  -2682  -4971  -4572  -5177  -3548  -3136  -4485  -5450  -1830  -1973  -3135  -5084  -4979  -6350  -5288  -7279  27198  27844  28320  13975  28946      0 
