     0   2259  -5769  15176  -5786  -8176  -5645  -8486  -7610  -6501  -5527 
  2259      0  -5854   1759  -4318  -7598  -2047  -6750  -9832  -4084  -5872 
 -5769  -5854      0  -5671  -5142 -10268   3119  -1546 -11293   3241  -9816 
 15176   1759  -5671      0  -8028  -8453  -4666  -8267  -7566  -5760  -7443 
 -5786  -4318  -5142  -8028      0  -8905  -4476  -5645  -9652  -5960  -6389 
 -8176  -7598 -10268  -8453  -8905      0  -7084  -5951  -8175  -8322  12462 
 -5645  -2047   3119  -4666  -4476  -7084      0   2197  -7423  27257  -6898 
 -8486  -6750  -1546  -8267  -5645  -5951   2197      0  -5490   2600  -2533 
 -7610  -9832 -11293  -7566  -9652  -8175  -7423  -5490      0  -7556  -5354 
 -6501  -4084   3241  -5760  -5960  -8322  27257   2600  -7556      0  -7323 
 -5527  -5872  -9816  -7443  -6389  12462  -6898  -2533  -5354  -7323      0 
