     0  -1277  -3926  10539  -5815  -6862  -4258  -9596  -5477  -3870  -4568 
 -1277      0  -5864   -786  -5514  -5123  -3632  -6995  -7284  -3397  -4900 
 -3926  -5864      0  -6622  -3139  -7796   -113  -5077  -8769    363  -9114 
 10539   -786  -6622      0  -7643  -6703  -6500  -6288  -6754  -5759  -4739 
 -5815  -5514  -3139  -7643      0  -6173  -3750  -8212  -8507  -4547  -5425 
 -6862  -5123  -7796  -6703  -6173      0  -6480  -3143  -6222  -7087  10929 
 -4258  -3632   -113  -6500  -3750  -6480      0  -1797  -7606  21014  -4360 
 -9596  -6995  -5077  -6288  -8212  -3143  -1797      0  -7175  -1926  -3346 
 -5477  -7284  -8769  -6754  -8507  -6222  -7606  -7175      0  -6754  -5110 
 -3870  -3397    363  -5759  -4547  -7087  21014  -1926  -6754      0  -5184 
 -4568  -4900  -9114  -4739  -5425  10929  -4360  -3346  -5110  -5184      0 
