     0   7450  -6254  19986  -5031  -6909  -6921  -8399  -7591  -6911  -4522 
  7450      0  -6609   6835  -5465  -6994  -2624  -6869  -8898  -3745  -4458 
 -6254  -6609      0  -6616  -2828  -9327   8259   -225 -11102   8065  -9615 
 19986   6835  -6616      0  -7622  -7146  -6585  -8234  -6870  -6178  -5295 
 -5031  -5465  -2828  -7622      0  -7843  -3949  -6454  -8681  -4456  -5681 
 -6909  -6994  -9327  -7146  -7843      0  -7012  -4556  -6778  -7619  18266 
 -6921  -2624   8259  -6585  -3949  -7012      0   4669  -8422  33338  -7097 
 -8399  -6869   -225  -8234  -6454  -4556   4669      0  -6924   3798  -2639 
 -7591  -8898 -11102  -6870  -8681  -6778  -8422  -6924      0  -7988  -2866 
 -6911  -3745   8065  -6178  -4456  -7619  33338   3798  -7988      0  -7236 
 -4522  -4458  -9615  -5295  -5681  18266  -7097  -2639  -2866  -7236      0 
