     0   1104  -5928  13915  -5666  -8332  -5804  -8366  -7490  -6664  -5407 
  1104      0  -5902    775  -4481  -7063  -2095  -6960 -10190  -3898  -6035 
 -5928  -5902      0  -5525  -5301 -10316   3265  -1426 -11452   3377  -9975 
 13915    775  -5525      0  -8141  -8433  -5477  -8349  -8115  -5890  -7602 
 -5666  -4481  -5301  -8141      0  -9068  -4531  -5629  -9784  -6123  -6396 
 -8332  -7063 -10316  -8433  -9068      0  -7132  -6114  -8331  -8136  11116 
 -5804  -2095   3265  -5477  -4531  -7132      0   2032  -7786  26000  -7057 
 -8366  -6960  -1426  -8349  -5629  -6114   2032      0  -5856   2720  -2413 
 -7490 -10190 -11452  -8115  -9784  -8331  -7786  -5856      0  -7719  -5234 
 -6664  -3898   3377  -5890  -6123  -8136  26000   2720  -7719      0  -7486 
 -5407  -6035  -9975  -7602  -6396  11116  -7057  -2413  -5234  -7486      0 
