     0  -1199  -3544  11239  -5312  -5686  -4258  -8682  -5677  -3870  -3441 
 -1199      0  -5385   1027  -5214  -5030  -3376  -6995  -6553  -3207  -4220 
 -3544  -5385      0  -5496  -2630  -7508     47  -4240  -8404    618  -8067 
 11239   1027  -5496      0  -6931  -6238  -5840  -6485  -6304  -5316  -4714 
 -5312  -5214  -2630  -6931      0  -5873  -3450  -6558  -7666  -4247  -5014 
 -5686  -5030  -7508  -6238  -5873      0  -6334  -2924  -5933  -6841  10929 
 -4258  -3376     47  -5840  -3450  -6334      0  -1347  -7048  21014  -4094 
 -8682  -6995  -4240  -6485  -6558  -2924  -1347      0  -6699  -1476  -2435 
 -5677  -6553  -8404  -6304  -7666  -5933  -7048  -6699      0  -6534  -4910 
 -3870  -3207    618  -5316  -4247  -6841  21014  -1476  -6534      0  -5134 
 -3441  -4220  -8067  -4714  -5014  10929  -4094  -2435  -4910  -5134      0 
