     0   2948  -6575  15435  -6230  -7968  -6369  -8807  -8141  -6961  -5261 
  2948      0  -6151   3301  -4700  -6763  -2075  -6413  -9376  -4341  -5133 
 -6575  -6151      0  -5895  -5487 -10353   4132  -1471 -11998   4306  -9886 
 15435   3301  -5895      0  -8433  -8440  -4523  -8427  -8183  -5633  -7175 
 -6230  -4700  -5487  -8433      0  -9049  -4626  -5463  -9127  -6904  -6348 
 -7968  -6763 -10353  -8440  -9049      0  -7239  -6196  -8269  -8216  12282 
 -6369  -2075   4132  -4523  -4626  -7239      0   3807  -6737  28306  -6971 
 -8807  -6413  -1471  -8427  -5463  -6196   3807      0  -6570   3700  -2433 
 -8141  -9376 -11998  -8183  -9127  -8269  -6737  -6570      0  -7943  -5937 
 -6961  -4341   4306  -5633  -6904  -8216  28306   3700  -7943      0  -7483 
 -5261  -5133  -9886  -7175  -6348  12282  -6971  -2433  -5937  -7483      0 
