     0  11306 -14584  41622 -13268 -16686 -15542 -19426 -14782 -14776 -10090 -24772 -24900 -27696 -25586 -25788 -28034 -23266 -25422 -25548 -25704 -25754 -30032 -27236 -28898 -25662 -26112 -24100 -25600 -25912 -24500 -26604 -29816 -26838 -28716 -25242 -25994 -26664 -25744 -26370 -28662 -25438 -29130 -27154 -29526 -25644 -25236 -26362 -28370 -25848 -28558 
 11306      0 -13736  12970 -12290 -16170  -5860 -15116 -23990  -7602 -12214 -21868 -29838 -29758 -31660 -23450 -26432 -26828 -27064 -24086 -29104 -29976 -30584 -29376 -27872 -28474 -26018 -26582 -23580 -26898 -21478 -27558 -30388 -26334 -29506 -25418 -30578 -30054 -26464 -30608 -30766 -26646 -20200 -27586 -24404 -26956 -27332 -27380 -30118 -28870 -28808 
-14584 -13736      0 -15632  -7274 -21796  15506  -1254 -24488  15252 -23818 -28874 -26198 -25060 -24822 -27084 -23550 -25244 -24260 -24866 -27620 -21462 -26876 -21892 -24406 -19838 -24438 -26082 -25194 -24038 -26988 -29026 -28500 -26730 -23046 -23070 -20864 -22934 -24444 -22468 -26234 -21976 -27740 -16142 -19868 -21038 -20734 -23364 -26892 -22906 -23166 
 41622  12970 -15632      0 -18566 -15904 -11984 -18008 -14526 -12496 -11828 -23714 -27506 -26358 -23598 -24258 -26560 -24144 -26432 -25268 -23982 -24680 -26598 -26180 -28786 -24980 -25212 -24390 -24488 -28176 -21836 -27346 -24348 -28156 -29656 -19542 -27456 -26440 -18242 -21302 -22162 -23130 -28034 -24110 -21026 -23900 -26964 -25362 -25966 -24186 -26906 
-13268 -12290  -7274 -18566      0 -19708  -9006 -17108 -20988  -9612 -15176 -20404 -22186 -24376 -28722 -21976 -25598 -27058 -23270 -24128 -27812 -24500 -25544 -26128 -25136 -22464 -25216 -26198 -26358 -27290 -21332 -22786 -25358 -22382 -22136 -24622 -25134 -28778 -21154 -25522 -19658 -29052 -30028 -27028 -31860 -26932 -25968 -25980 -27312 -27332 -27088 
-16686 -16170 -21796 -15904 -19708      0 -16794 -11494 -14568 -17038  38900 -22874 -26134 -17356 -27544 -20654 -13978 -22988 -20930 -22212 -18724 -25756 -24786 -22454 -20486 -28972 -20300 -18584 -25286 -28956 -23614 -21732 -27026 -22184 -22502 -22698 -26228 -27740 -20934 -20150 -25170 -22784 -23914 -23442 -23190 -25460 -26264 -24336 -29346 -26692 -26206 
-15542  -5860  15506 -11984  -9006 -16794      0  11796 -21900  75700 -16262 -30872 -23952 -23530 -28708 -27152 -24914 -25030 -24146 -27264 -25034 -27670 -26916 -26764 -27496 -26542 -25634 -26816 -26522 -27962 -21570 -23160 -19066 -21130 -23500 -20848 -25030 -28204 -26394 -23454 -31300 -20748 -20870 -25438 -16308 -22866 -21550 -23642 -22438 -23036 -21718 
-19426 -15116  -1254 -18008 -17108 -11494  11796      0 -15942   7996  -8586 -25772 -27250 -26754 -25470 -17776 -19510 -23596 -24556 -20416 -22776 -23476 -22674 -20096 -18884 -22676 -22960 -24410 -26970 -26006 -22490 -21098 -27372 -18304 -18574 -24474 -23526 -27558 -25542 -23086 -23418 -22372 -25810 -19880 -19930 -22704 -24482 -25412 -31118 -23072 -24596 
-14782 -23990 -24488 -14526 -20988 -14568 -21900 -15942      0 -18622  -5932 -23724 -26756 -26122 -27040 -28770 -25436 -26758 -30954 -24006 -23894 -27736 -24360 -19768 -27492 -25562 -25456 -25218 -28510 -23922 -26710 -26354 -29442 -25382 -26896 -25318 -26862 -29062 -29798 -32100 -26656 -25344 -28496 -25954 -22206 -28666 -31384 -30970 -30566 -32380 -32134 
-14776  -7602  15252 -12496  -9612 -17038  75700   7996 -18622      0 -15188 -29328 -25596 -24270 -29788 -24196 -23648 -26286 -25428 -27198 -27696 -27004 -25266 -25846 -27976 -26360 -24850 -25988 -22638 -24390 -23568 -21988 -22620 -20646 -25610 -24718 -25244 -25734 -26938 -23376 -30594 -18228 -25196 -24214 -16768 -23074 -24260 -25070 -23450 -24582 -22754 
-10090 -12214 -23818 -11828 -15176  38900 -16262  -8586  -5932 -15188      0 -21870 -27720 -26364 -26722 -21436 -20926 -26554 -27462 -26160 -22248 -29534 -22218 -23294 -26166 -24024 -26206 -25212 -23262 -27502 -25418 -23028 -24568 -21942 -19860 -24266 -28492 -27218 -26678 -22666 -26638 -25624 -24702 -21302 -28250 -26806 -23762 -25716 -31648 -26464 -27086 
-24772 -21868 -28874 -23714 -20404 -22874 -30872 -25772 -23724 -29328 -21870      0  10110  -5078  -2854   5308  -1396  11388   8814  11182   2400    186  14074   8276  10190  10238  12082   8722   2982  -3248   -398   9966 -21324   7072   8252   2224   3572   5608   2446  -2722   4658 -25904 -16226 -29568 -29128 -21140 -20738 -22240 -19198 -19764 -18810 
-24900 -29838 -26198 -27506 -22186 -26134 -23952 -27250 -26756 -25596 -27720  10110      0   1500  -5556  -1792  -8760 -15996 -18150 -16290 -13474  -8772  -1022  -2026   2862  -4362  -2434  -4536 -10040 -13372  -4778   1188 -24404  -1458  -1170   -652  -8230  -6944   8146   7402 -10130 -22780 -22262 -30284 -26984 -23148 -24086 -24012 -21736 -24568 -25116 
-27696 -29758 -25060 -26358 -24376 -17356 -23530 -26754 -26122 -24270 -26364  -5078   1500      0   -142  -5550   3342 -13832 -16442  -9156 -12272  -7952   6344  -1212   1802  -2096  -2534  -1298 -16690 -20230    236  -1752 -18218    198    680    284  -6768  -5742  20692  18168   -514 -27696 -15330 -20098 -16830 -14000 -14400 -16690 -12076 -13338  -9778 
-25586 -31660 -24822 -23598 -28722 -27544 -28708 -25470 -27040 -29788 -26722  -2854  -5556   -142      0  11446  -2052 -10190 -11432 -11778 -18176 -10948   1472   4974  -1654   6756   2490   3298  -6490  -7126  -7924   4096 -16034  -5492    -70  -9422  -8156  -5822  -8614  -7796  -6952 -24556  -6862 -25898 -25404 -21556 -22714 -23776 -20236 -20184 -19212 
-25788 -23450 -27084 -24258 -21976 -20654 -27152 -17776 -28770 -24196 -21436   5308  -1792  -5550  11446      0  -1768 -10924 -11488  -9096 -13480  -8028   8200   6168   2606   7068   1972    816  -2598  -3948  -5200   2604 -17152   -264   2684  -6942  -4890   -966  -8110  -8558 -10864 -23782 -13076 -25268 -25726 -20906 -21156 -20118 -17608 -20618 -21310 
-28034 -26432 -23550 -26560 -25598 -13978 -24914 -19510 -25436 -23648 -20926  -1396  -8760   3342  -2052  -1768      0  12716  10242  13842   5286  15208  20924  18610  31812  22088  34626  32564  21546  14560  24876  27532  -9128  27960  29040  25412  14204  16396   5006    874  -1420 -21660 -18180 -20784 -16922  -9618 -12904 -11204 -11776 -11826 -10792 
-23266 -26828 -25244 -24144 -27058 -22988 -25030 -23596 -26758 -26286 -26554  11388 -15996 -13832 -10190 -10924  12716      0  70912  79098  50372  14430  12026    676  14166   1442  13102  11908  -1248   8870   5220  13936 -20688  12324   3402   8286  16748  18166 -12218 -14728 -11616 -25140 -23080 -22278 -24146 -15840 -15778 -15578 -14814 -13858 -13066 
-25422 -27064 -24260 -26432 -23270 -20930 -24146 -24556 -30954 -25428 -27462   8814 -18150 -16442 -11432 -11488  10242  70912      0  71634  50100  11628  10742   -882  14842   1060  10378  10504   2610   8628   2852  13736 -22916   7358   4994    -80  16510  16810 -11980 -14166 -11398 -22656 -23692 -30194 -26616 -19198 -19036 -19402 -15888 -18382 -16130 
-25548 -24086 -24866 -25268 -24128 -22212 -27264 -20416 -24006 -27198 -26160  11182 -16290  -9156 -11778  -9096  13842  79098  71634      0  53538  14724  10874  -1054  14754   4002  11334  11230   -488   6154   3740  14678 -19896  12098   7404   5166  12646  14948 -12746 -12026 -11742 -24460 -22722 -27492 -26756 -18208 -16122 -16774 -14606 -15714 -13658 
-25704 -29104 -27620 -23982 -27812 -18724 -25034 -22776 -23894 -27696 -22248   2400 -13474 -12272 -18176 -13480   5286  50372  50100  53538      0  21798  -1098  -6424   6924  -3532   -336   1342  -5498   5066   1812   4334 -19076   4372    376   -180   8718   9742 -13664 -14378 -10190 -24490 -27902 -26592 -18452 -18120 -17202 -18136 -11312 -18906 -15206 
-25754 -29976 -21462 -24680 -24500 -25756 -27670 -23476 -27736 -27004 -29534    186  -8772  -7952 -10948  -8028  15208  14430  11628  14724  21798      0   8512   4556   9660   3782   7472   8830   2520    948   4354  13228 -23238   9762   9614   5332  23474  25098   4136   1894   4092 -23896 -18880 -18894 -19428 -20834 -18642 -18736  -7482 -19982 -17652 
-30032 -30584 -26876 -26598 -25544 -24786 -26916 -22674 -24360 -25266 -22218  14074  -1022   6344   1472   8200  20924  12026  10742  10874  -1098   8512      0  49160  47890  54394  48866  45674  18904  19402  22348  33764 -10658  35420  44772  32602  14158  14796   3452  -4740   1528 -22410 -17492 -21456 -22784  -9114  -9002 -10882 -14194  -9558  -7986 
-27236 -29376 -21892 -26180 -26128 -22454 -26764 -20096 -19768 -25846 -23294   8276  -2026  -1212   4974   6168  18610    676   -882  -1054  -6424   4556  49160      0  39336  55346  36818  37408  15306  14706  29514  23936  -7102  28616  37506  23694   9752   9118   5014  -1880   6662 -25294 -14172 -24300 -22134 -17542 -19500 -19042 -19110 -19696 -19602 
-28898 -27872 -24406 -28786 -25136 -20486 -27496 -18884 -27492 -27976 -26166  10190   2862   1802  -1654   2606  31812  14166  14842  14754   6924   9660  47890  39336      0  40120  46858  47100  22714  21482  31268  48340  -9724  40058  42930  39042  22560  25868   1362   1734   5858 -19306 -21722 -19046 -13540 -13326 -16198 -16720 -19220 -16530 -14776 
-25662 -28474 -19838 -24980 -22464 -28972 -26542 -22676 -25562 -26360 -24024  10238  -4362  -2096   6756   7068  22088   1442   1060   4002  -3532   3782  54394  55346  40120      0  51798  50466  17274  12094  22716  29632 -11042  27472  37828  25882   3388   5778  -1314  -4284   -728 -22248 -19100 -27816 -24006 -17458 -15936 -18380 -13406 -19568 -19338 
-26112 -26018 -24438 -25212 -25216 -20300 -25634 -22960 -25456 -24850 -26206  12082  -2434  -2534   2490   1972  34626  13102  10378  11334   -336   7472  48866  36818  46858  51798      0  87586  30290  25806  36278  48126  -7250  46130  39952  46138  10952   9166   -894  -8726   -598 -26100 -22242 -24264 -25092 -18000 -21124 -20680 -21166 -19170 -15822 
-24100 -26582 -26082 -24390 -26198 -18584 -26816 -24410 -25218 -25988 -25212   8722  -4536  -1298   3298    816  32564  11908  10504  11230   1342   8830  45674  37408  47100  50466  87586      0  29122  29962  41296  48000  -7666  52506  42434  49076  12912  11444  -1546  -8756    936 -24826 -22830 -24736 -25562 -11526 -13200 -14228 -17762 -13076  -9962 
-25600 -23580 -25194 -24488 -26358 -25286 -26522 -26970 -28510 -22638 -23262   2982 -10040 -16690  -6490  -2598  21546  -1248   2610   -488  -5498   2520  18904  15306  22714  17274  30290  29122      0  42550  18944  21362 -10264  26922  18466  24934   2060   3492  -8458  -8692 -10740 -24810 -23044 -24638 -23892 -21550 -26642 -25682 -23030 -26970 -27024 
-25912 -26898 -24038 -28176 -27290 -28956 -27962 -26006 -23922 -24390 -27502  -3248 -13372 -20230  -7126  -3948  14560   8870   8628   6154   5066    948  19402  14706  21482  12094  25806  29962  42550      0  23958  22082  -7692  26138  18354  22136   7654   7536 -10814 -15644 -14176 -22446 -22592 -23480 -21478 -16900 -19590 -20336 -23394 -23370 -20868 
-24500 -21478 -26988 -21836 -21332 -23614 -21570 -22490 -26710 -23568 -25418   -398  -4778    236  -7924  -5200  24876   5220   2852   3740   1812   4354  22348  29514  31268  22716  36278  41296  18944  23958      0  26870  16626  35660  34962  69450   8302   7650   4920  -2234  -6410 -24522 -20368 -29712 -27462 -15300 -19520 -20664 -15260 -21400 -20602 
-26604 -27558 -29026 -27346 -22786 -21732 -23160 -21098 -26354 -21988 -23028   9966   1188  -1752   4096   2604  27532  13936  13736  14678   4334  13228  33764  23936  48340  29632  48126  48000  21362  22082  26870      0  -9636  63382  42084  36556  14336  16780   1002  -1698     18 -21214 -23096 -23944 -16406 -17838 -18142 -18646 -17772 -16524 -13652 
-29816 -30388 -28500 -24348 -25358 -27026 -19066 -27372 -29442 -22620 -24568 -21324 -24404 -18218 -16034 -17152  -9128 -20688 -22916 -19896 -19076 -23238 -10658  -7102  -9724 -11042  -7250  -7666 -10264  -7692  16626  -9636      0  -9438 -12726  11986 -12590  -9922 -20340 -24288 -25508 -10568 -24378 -24208 -30082 -28108 -25632 -25674 -20232 -26488 -25266 
-26838 -26334 -26730 -28156 -22382 -22184 -21130 -18304 -25382 -20646 -21942   7072  -1458    198  -5492   -264  27960  12324   7358  12098   4372   9762  35420  28616  40058  27472  46130  52506  26922  26138  35660  63382  -9438      0  51078  45682   8618   9790    580  -4588   -786 -24626 -19504 -24036 -24710 -16342 -17072 -18102 -18390 -17676 -17194 
-28716 -29506 -23046 -29656 -22136 -22502 -23500 -18574 -26896 -25610 -19860   8252  -1170    680    -70   2684  29040   3402   4994   7404    376   9614  44772  37506  42930  37828  39952  42434  18466  18354  34962  42084 -12726  51078      0  47446   6888   6338    544  -3040   4726 -24808 -16308 -25436 -21200 -12668 -15338 -13928 -18482 -14882 -14294 
-25242 -25418 -23070 -19542 -24622 -22698 -20848 -24474 -25318 -24718 -24266   2224   -652    284  -9422  -6942  25412   8286    -80   5166   -180   5332  32602  23694  39042  25882  46138  49076  24934  22136  69450  36556  11986  45682  47446      0   6194   8164   2530  -6618  -6054 -23814 -18600 -25456 -25034 -17358 -19272 -19394 -17726 -18676 -18990 
-25994 -30578 -20864 -27456 -25134 -26228 -25030 -23526 -26862 -25244 -28492   3572  -8230  -6768  -8156  -4890  14204  16748  16510  12646   8718  23474  14158   9752  22560   3388  10952  12912   2060   7654   8302  14336 -12590   8618   6888   6194      0  84666   5620  -1764  -3298 -20744 -18488 -17972 -18754 -18116 -19422 -20884 -15558 -21392 -18442 
-26664 -30054 -22934 -26440 -28778 -27740 -28204 -27558 -29062 -25734 -27218   5608  -6944  -5742  -5822   -966  16396  18166  16810  14948   9742  25098  14796   9118  25868   5778   9166  11444   3492   7536   7650  16780  -9922   9790   6338   8164  84666      0   8224     98  -2050 -19552 -15866 -18504 -20226 -19976 -22418 -23452 -15600 -24046 -20894 
-25744 -26464 -24444 -18242 -21154 -20934 -26394 -25542 -29798 -26938 -26678   2446   8146  20692  -8614  -8110   5006 -12218 -11980 -12746 -13664   4136   3452   5014   1362  -1314   -894  -1546  -8458 -10814   4920   1002 -20340    580    544   2530   5620   8224      0  70288   7616 -26984 -22518 -16904 -19204 -11594  -9562 -13496  -9062 -10918 -12156 
-26370 -30608 -22468 -21302 -25522 -20150 -23454 -23086 -32100 -23376 -22666  -2722   7402  18168  -7796  -8558    874 -14728 -14166 -12026 -14378   1894  -4740  -1880   1734  -4284  -8726  -8756  -8692 -15644  -2234  -1698 -24288  -4588  -3040  -6618  -1764     98  70288      0   6090 -28016 -14964 -17412 -21798 -11850 -15418 -16606  -9384 -15634 -15404 
-28662 -30766 -26234 -22162 -19658 -25170 -31300 -23418 -26656 -30594 -26638   4658 -10130   -514  -6952 -10864  -1420 -11616 -11398 -11742 -10190   4092   1528   6662   5858   -728   -598    936 -10740 -14176  -6410     18 -25508   -786   4726  -6054  -3298  -2050   7616   6090      0 -26992  -8794 -18076 -23206 -17058 -14580 -15912 -13674 -18948 -19104 
-25438 -26646 -21976 -23130 -29052 -22784 -20748 -22372 -25344 -18228 -25624 -25904 -22780 -27696 -24556 -23782 -21660 -25140 -22656 -24460 -24490 -23896 -22410 -25294 -19306 -22248 -26100 -24826 -24810 -22446 -24522 -21214 -10568 -24626 -24808 -23814 -20744 -19552 -26984 -28016 -26992      0  -7960 -25390 -23734 -30684 -28316 -28634 -25394 -26850 -27286 
-29130 -20200 -27740 -28034 -30028 -23914 -20870 -25810 -28496 -25196 -24702 -16226 -22262 -15330  -6862 -13076 -18180 -23080 -23692 -22722 -27902 -18880 -17492 -14172 -21722 -19100 -22242 -22830 -23044 -22592 -20368 -23096 -24378 -19504 -16308 -18600 -18488 -15866 -22518 -14964  -8794  -7960      0 -19490 -24348 -30440 -25810 -23572 -25782 -28498 -27318 
-27154 -27586 -16142 -24110 -27028 -23442 -25438 -19880 -25954 -24214 -21302 -29568 -30284 -20098 -25898 -25268 -20784 -22278 -30194 -27492 -26592 -18894 -21456 -24300 -19046 -27816 -24264 -24736 -24638 -23480 -29712 -23944 -24208 -24036 -25436 -25456 -17972 -18504 -16904 -17412 -18076 -25390 -19490      0  -1370 -20150 -19284 -19500 -10070 -20420 -17406 
-29526 -24404 -19868 -21026 -31860 -23190 -16308 -19930 -22206 -16768 -28250 -29128 -26984 -16830 -25404 -25726 -16922 -24146 -26616 -26756 -18452 -19428 -22784 -22134 -13540 -24006 -25092 -25562 -23892 -21478 -27462 -16406 -30082 -24710 -21200 -25034 -18754 -20226 -19204 -21798 -23206 -23734 -24348  -1370      0 -16040 -18138 -18602 -14440 -15678 -17180 
-25644 -26956 -21038 -23900 -26932 -25460 -22866 -22704 -28666 -23074 -26806 -21140 -23148 -14000 -21556 -20906  -9618 -15840 -19198 -18208 -18120 -20834  -9114 -17542 -13326 -17458 -18000 -11526 -21550 -16900 -15300 -17838 -28108 -16342 -12668 -17358 -18116 -19976 -11594 -11850 -17058 -30684 -30440 -20150 -16040      0  77104  81522  40468  82414  76514 
-25236 -27332 -20734 -26964 -25968 -26264 -21550 -24482 -31384 -24260 -23762 -20738 -24086 -14400 -22714 -21156 -12904 -15778 -19036 -16122 -17202 -18642  -9002 -19500 -16198 -15936 -21124 -13200 -26642 -19590 -19520 -18142 -25632 -17072 -15338 -19272 -19422 -22418  -9562 -15418 -14580 -28316 -25810 -19284 -18138  77104      0  89478  42324  82230  75320 
-26362 -27380 -23364 -25362 -25980 -24336 -23642 -25412 -30970 -25070 -25716 -22240 -24012 -16690 -23776 -20118 -11204 -15578 -19402 -16774 -18136 -18736 -10882 -19042 -16720 -18380 -20680 -14228 -25682 -20336 -20664 -18646 -25674 -18102 -13928 -19394 -20884 -23452 -13496 -16606 -15912 -28634 -23572 -19500 -18602  81522  89478      0  36908  79752  75808 
-28370 -30118 -26892 -25966 -27312 -29346 -22438 -31118 -30566 -23450 -31648 -19198 -21736 -12076 -20236 -17608 -11776 -14814 -15888 -14606 -11312  -7482 -14194 -19110 -19220 -13406 -21166 -17762 -23030 -23394 -15260 -17772 -20232 -18390 -18482 -17726 -15558 -15600  -9062  -9384 -13674 -25394 -25782 -10070 -14440  40468  42324  36908      0  41452  44340 
-25848 -28870 -22906 -24186 -27332 -26692 -23036 -23072 -32380 -24582 -26464 -19764 -24568 -13338 -20184 -20618 -11826 -13858 -18382 -15714 -18906 -19982  -9558 -19696 -16530 -19568 -19170 -13076 -26970 -23370 -21400 -16524 -26488 -17676 -14882 -18676 -21392 -24046 -10918 -15634 -18948 -26850 -28498 -20420 -15678  82414  82230  79752  41452      0  89746 
-28558 -28808 -23166 -26906 -27088 -26206 -21718 -24596 -32134 -22754 -27086 -18810 -25116  -9778 -19212 -21310 -10792 -13066 -16130 -13658 -15206 -17652  -7986 -19602 -14776 -19338 -15822  -9962 -27024 -20868 -20602 -13652 -25266 -17194 -14294 -18990 -18442 -20894 -12156 -15404 -19104 -27286 -27318 -17406 -17180  76514  75320  75808  44340  89746      0 
