     0  -1386 -13918  29480 -14238 -19832 -13808 -19360 -14780 -14298 -11860 -21450 -19566 -24554 -21508 -22098 -22600 -20690 -21808 -22312 -22360 -21772 -25164 -22236 -26068 -21298 -20982 -18650 -20592 -21752 -21892 -21362 -25946 -23226 -23958 -21138 -22304 -22524 -20014 -22374 -21620 -21188 -24406 -22534 -23314 -20424 -18906 -19968 -20598 -19986 -22506 
 -1386      0 -12322    850 -10022 -17076  -4650 -15298 -27074  -8108 -15856 -19520 -25020 -25286 -26748 -20800 -22728 -22402 -23218 -20240 -25476 -25318 -24734 -23632 -26274 -23366 -23566 -25328 -19728 -23320 -19188 -24272 -27102 -23992 -25176 -23006 -26410 -23762 -21662 -25358 -25260 -22746 -15224 -21430 -20064 -21294 -21538 -22706 -23954 -24144 -24104 
-13918 -12322      0 -13150 -11720 -22784   5518  -3656 -24734   5876 -23380 -25332 -22180 -20908 -22136 -21272 -19114 -22564 -22834 -22920 -25248 -19974 -24002 -17394 -21048 -18070 -22216 -22914 -22158 -21702 -23104 -25460 -25280 -25486 -19784 -18460 -18808 -19178 -21450 -19606 -23898 -17224 -24840 -14794 -17428 -15724 -14568 -17476 -20834 -17208 -17014 
 29480    850 -13150      0 -19112 -18478  -9526 -18658 -16822 -11320 -16442 -23468 -23146 -22120 -20706 -24144 -21504 -19606 -22474 -21310 -20640 -23460 -24308 -21402 -24620 -21410 -22126 -20754 -21686 -24054 -18560 -22132 -20132 -25288 -25166 -17172 -24548 -22596 -14472 -17464 -18764 -17970 -23460 -22362 -18148 -21236 -23190 -20418 -22004 -20880 -22612 
-14238 -10022 -11720 -19112      0 -21512 -10070 -15158 -22494 -12646 -17050 -15986 -16404 -20602 -23342 -17884 -21110 -21442 -17340 -18198 -22544 -23372 -19184 -18430 -20844 -16196 -21908 -21760 -21574 -22128 -16830 -19820 -20924 -19334 -18642 -19726 -20360 -22744 -15882 -20850 -15856 -21204 -21972 -24284 -25990 -23314 -22784 -22462 -23818 -24072 -23398 
-19832 -17076 -22784 -18478 -21512      0 -17664 -14110 -17640 -19304  24600 -21884 -24292 -15548 -23974 -19690 -13598 -20276 -17718 -19000 -15496 -24806 -22030 -21990 -18576 -26562 -18368 -16690 -24828 -25538 -22646 -20454 -23786 -20648 -20754 -21574 -23190 -24332 -20216 -18714 -23374 -20298 -19716 -19278 -20240 -22020 -23136 -20816 -25094 -22750 -22666 
-13808  -4650   5518  -9526 -10070 -17664      0   6522 -20668  61024 -16682 -26442 -19782 -18730 -24748 -22982 -20944 -21490 -20098 -23402 -21872 -24170 -23880 -22124 -24206 -21766 -24010 -24340 -23494 -22264 -19282 -19908 -15052 -20734 -19036 -19236 -22710 -24292 -22210 -19402 -26468 -16522 -16386 -21640 -14464 -18622 -18936 -20730 -19036 -20336 -18616 
-19360 -15298  -3656 -18658 -15158 -14110   6522      0 -15184   5640  -8090 -23830 -25146 -24394 -23788 -14264 -17626 -23992 -25532 -21392 -21198 -21792 -20770 -18092 -20432 -21552 -19658 -21518 -21706 -22074 -22530 -18034 -23444 -16122 -17866 -23436 -20800 -23934 -23748 -22002 -23606 -18900 -20688 -19162 -17714 -19962 -21882 -21688 -28088 -20460 -21416 
-14780 -27074 -24734 -16822 -22494 -17640 -20668 -15184      0 -18078 -10868 -21828 -24486 -20700 -21432 -26058 -23136 -22634 -26650 -21248 -20578 -25710 -19144 -15298 -22476 -20740 -23822 -22316 -24874 -19808 -25384 -24412 -25634 -22640 -22630 -22968 -24080 -26386 -25424 -27416 -22574 -21344 -26948 -23902 -18126 -26170 -28026 -28860 -27356 -28708 -28484 
-14298  -8108   5876 -11320 -12646 -19304  61024   5640 -18078      0 -16188 -24944 -21960 -19592 -27176 -19340 -20712 -23120 -22842 -24612 -25116 -23800 -20964 -20534 -24226 -22100 -21552 -22474 -18568 -20868 -21700 -18264 -17402 -19078 -21432 -22314 -21998 -20112 -23030 -19482 -26954 -12764 -22738 -23078 -15278 -21074 -22118 -23032 -21658 -22052 -20626 
-11860 -15856 -23380 -16442 -17050  24600 -16682  -8090 -10868 -16188      0 -22566 -24436 -21856 -23032 -19362 -18796 -23072 -25060 -23462 -19434 -29570 -17190 -18538 -22062 -20820 -21704 -21128 -21726 -24888 -21878 -20522 -22070 -18830 -16430 -21066 -23194 -22546 -24910 -19240 -23932 -21368 -21084 -18504 -24418 -22818 -20074 -22302 -26960 -22722 -23412 
-21450 -19520 -25332 -23468 -15986 -21884 -26442 -23830 -21828 -24944 -22566      0   7206  -9122  -2966   1198  -5032   6998   3844   6212  -2620  -2722   9700   5522   3976   5336   5252   2442   1006  -6958  -6466   4632 -17014   2050   4838  -3850   1814   3906  -1246  -5966   4366 -20386 -14536 -25486 -26518 -21518 -19948 -20264 -18356 -18966 -18034 
-19566 -25020 -22180 -23146 -16404 -24292 -19782 -25146 -24486 -21960 -24436   7206      0    178  -7882  -7264 -10174 -19306 -21482 -16586 -16380 -13150  -1126  -3262  -2780  -5120  -5370  -7510 -12990 -17420  -8070  -3772 -20522  -4286  -4362  -2966 -10730  -8688   8046   6790  -9386 -18570 -18488 -26936 -24156 -21302 -21862 -21214 -19398 -21956 -22136 
-24554 -25286 -20908 -22120 -20602 -15548 -18730 -24394 -20700 -19592 -21856  -9122    178      0   -812  -6638  -2042 -16958 -19796 -12510 -11640  -7944   3240  -3190  -1864  -5606  -6156  -4780 -15080 -21816  -3244  -5084 -13638  -4412  -2634  -3160  -9442  -7122  16052  14496    160 -23772 -14124 -17328 -16060 -14254 -13670 -14728 -12256 -12532  -8970 
-21508 -26748 -22136 -20706 -23342 -23974 -24748 -23788 -21432 -27176 -23032  -2966  -7882   -812      0  13506   1940 -10374 -11860 -12206 -20324  -7838   1060   7714  -1064   6510   2254   3054  -5954  -5900  -6662   2976 -11924  -5090    464  -7520  -7820  -5424  -7472  -6718  -6342 -20266  -3802 -22252 -24362 -16404 -17876 -18660 -17854 -15586 -16788 
-22098 -20800 -21272 -24144 -17884 -19690 -22982 -14264 -26058 -19340 -19362   1198  -7264  -6638  13506      0  -3200 -10798 -12350 -10036 -15190  -8754   6378   7536    604   6264   1244   -260  -6480  -6428  -5624   1878 -12244  -1732   2426  -6442  -5610   -304  -9522 -10102  -9772 -20126  -9324 -21280 -21878 -18580 -18484 -17126 -16256 -17278 -17714 
-22600 -22728 -19114 -21504 -21110 -13598 -20944 -17626 -23136 -20712 -18796  -5032 -10174  -2042   1940  -3200      0   9214   7166  10766   2512  12648  16624  13500  27444  16814  28458  26358  16798  10710  19956  22180  -3602  24198  22526  20462  10034  13348   2454  -2478    384 -18736 -17962 -20216 -15448  -7374 -11358  -9256 -12856 -10226  -9920 
-20690 -22402 -22564 -19606 -21442 -20276 -21490 -23992 -22634 -23120 -23072   6998 -19306 -16958 -10374 -10798   9214      0  57184  65370  40222  11242   6522  -3870   8558  -3328  10244   9600  -1984   5340   2066  12646 -15720   9262    920   5050  11998  13528 -13196 -15236  -9832 -20390 -18226 -22222 -21972 -18762 -17482 -17972 -16526 -16030 -14250 
-21808 -23218 -22834 -22474 -17340 -17718 -20098 -25532 -26650 -22842 -25060   3844 -21482 -19796 -11860 -12350   7166  57184      0  57326  39936   7860   4912  -4908   9876  -3190   8040   8716   1480   4704   -362  12440 -18816   4416   2030  -2796  12214  12208 -14628 -15158  -9728 -18296 -18852 -28130 -24456 -19500 -19794 -18734 -18158 -18684 -17542 
-22312 -20240 -22920 -21310 -18198 -19000 -23402 -21392 -21248 -24612 -23462   6212 -16586 -12510 -12206 -10036  10766  65370  57326      0  43374  10956   5044  -5080   9086   -248   8996   9442  -1618   2230    526  13382 -15796   9556   4440   2450   8350  10346 -13224 -14406 -10072 -20144 -17882 -25428 -24596 -20792 -18244 -18486 -16876 -18304 -15260 
-22360 -25476 -25248 -20640 -22544 -15496 -21872 -21198 -20578 -25116 -19434  -2620 -16380 -11640 -20324 -15190   2512  40222  39936  43374      0  17660  -7728 -10762   2124  -8674  -3566  -1918  -5950   2110  -3022   1186 -14124   1226  -2670  -3788   5174   6472 -16966 -16794  -7608 -19748 -24046 -25950 -17014 -16232 -18356 -18246 -13996 -18834 -15876 
-21772 -25318 -19974 -23460 -23372 -24806 -24170 -21792 -25710 -23800 -29570  -2722 -13150  -7944  -7838  -8754  12648  11242   7860  10956  17660      0   3096   -166   4730  -3142   5644   7230  -1332   -436    162  11484 -19128   6472   5972   1742  16906  18448   1248    656   3540 -18830 -17286 -16544 -15934 -17564 -15960 -15598  -9822 -16912 -15234 
-25164 -24734 -24002 -24308 -19184 -22030 -23880 -20770 -19144 -20964 -17190   9700  -1126   3240   1060   6378  16624   6522   4912   5044  -7728   3096      0  41026  38050  45144  38372  35790  13264  13450  13314  26442  -7902  25018  36528  22482  10126  11580   2942  -5758   2272 -17718 -16232 -21806 -17798  -9226  -9146 -11648 -15004  -9648  -7610 
-22236 -23632 -17394 -21402 -18430 -21990 -22124 -18092 -15298 -20534 -18538   5522  -3262  -3190   7714   7536  13500  -3870  -4908  -5080 -10762   -166  41026      0  30452  45252  29816  29580  11942  11158  22290  17944  -4214  19914  31058  15430   6624   6198   7518   -722   6632 -22290 -13658 -21954 -17884 -15296 -18576 -18274 -19200 -18230 -17670 
-26068 -26274 -21048 -24620 -20844 -18576 -24206 -20432 -22476 -24226 -22062   3976  -2780  -1864  -1064    604  27444   8558   9876   9086   2124   4730  38050  30452      0  28928  37554  37178  17164  15652  21140  38182  -5462  29250  34484  28484  17442  19924   1062  -1234   5750 -16620 -20092 -16406 -11388 -13938 -16338 -16448 -19236 -16616 -14396 
-21298 -23366 -18070 -21410 -16196 -26562 -21766 -21552 -20740 -22100 -20820   5336  -5120  -5606   6510   6264  16814  -3328  -3190   -248  -8674  -3142  45144  45252  28928      0  41202  39252  12136   8012  13682  21020 -10504  17296  29684  15808    854   3488    830  -3382    458 -18404 -19216 -26600 -19642 -17340 -15194 -18878 -13978 -18654 -18076 
-20982 -23566 -22216 -22126 -21908 -18368 -24010 -19658 -23822 -21552 -21704   5252  -5370  -6156   2254   1244  28458  10244   8040   8996  -3566   5644  38372  29816  37554  41202      0  74544  25494  20620  26612  42448  -6048  36392  34166  35594   5904   4816    344  -9602     54 -22142 -22678 -20794 -22424 -17176 -19922 -18970 -19278 -17906 -15268 
-18650 -25328 -22914 -20754 -21760 -16690 -24340 -21518 -22316 -22474 -21128   2442  -7510  -4780   3054   -260  26358   9600   8716   9442  -1918   7230  35790  29580  37178  39252  74544      0  24410  24752  31600  41696  -5914  43148  36030  38516   8254   6826   -220  -9602   1480 -20390 -23200 -20550 -22352 -11260 -13188 -13054 -16814 -13010  -9966 
-20592 -19728 -22158 -21686 -21574 -24828 -23494 -21706 -24874 -18568 -21726   1006 -12990 -15080  -5954  -6480  16798  -1984   1480  -1618  -5950  -1332  13264  11942  17164  12136  25494  24410      0  33712  14310  16084  -5624  21460  12210  19956   -542   1578  -9482  -9886 -10374 -20932 -20684 -20394 -20276 -18424 -22434 -21606 -19570 -23564 -22934 
-21752 -23320 -21702 -24054 -22128 -25538 -22264 -22074 -19808 -20868 -24888  -6958 -17420 -21816  -5900  -6428  10710   5340   4704   2230   2110   -436  13450  11158  15652   8012  20620  24752  33712      0  18628  16468  -4004  19474  11972  16578   6476   6712 -11396 -12636 -14902 -19428 -17660 -19242 -18070 -15932 -18054 -18594 -21054 -20696 -19162 
-21892 -19188 -23104 -18560 -16830 -22646 -19282 -22530 -25384 -21700 -21878  -6466  -8070  -3244  -6662  -5624  19956   2066   -362    526  -3022    162  13314  22290  21140  13682  26612  31600  14310  18628      0  19892  20610  29754  23182  57476   2766   2888   2510  -4680  -6394 -20576 -19914 -25244 -26366 -14164 -16798 -18378 -12450 -19146 -18460 
-21362 -24272 -25460 -22132 -19820 -20454 -19908 -18034 -24412 -18264 -20522   4632  -3772  -5084   2976   1878  22180  12646  12440  13382   1186  11484  26442  17944  38182  21020  42448  41696  16084  16468  19892      0  -4848  52306  34006  28036   7686   9356   -732  -4602  -1206 -17862 -22436 -21628 -15860 -17594 -17476 -17328 -16590 -16070 -12960 
-25946 -27102 -25280 -20132 -20924 -23786 -15052 -23444 -25634 -17402 -22070 -17014 -20522 -13638 -11924 -12244  -3602 -15720 -18816 -15796 -14124 -19128  -7902  -4214  -5462 -10504  -6048  -5914  -5624  -4004  20610  -4848      0  -4670  -8774  15752 -10612  -7456 -16162 -20002 -23580 -17236 -21746 -20026 -26824 -25250 -23632 -24462 -17454 -24268 -23818 
-23226 -23992 -25486 -25288 -19334 -20648 -20734 -16122 -22640 -19078 -18830   2050  -4286  -4412  -5090  -1732  24198   9262   4416   9556   1226   6472  25018  19914  29250  17296  36392  43148  21460  19474  29754  52306  -4670      0  43964  37582   1272   3606  -2072  -7974  -2690 -20042 -19544 -22236 -22210 -18386 -18816 -18768 -18320 -19366 -18418 
-23958 -25176 -19784 -25166 -18642 -20754 -19036 -17866 -22630 -21432 -16430   4838  -4362  -2634    464   2426  22526    920   2030   4440  -2670   5972  36528  31058  34484  29684  34166  36030  12210  11972  23182  34006  -8774  43964      0  37324   3716   3614  -1606  -5516   4538 -21020 -13778 -24774 -19278 -13198 -15860 -13994 -19718 -15404 -14296 
-21138 -23006 -18460 -17172 -19726 -21574 -19236 -23436 -22968 -22314 -21066  -3850  -2966  -3160  -7520  -6442  20462   5050  -2796   2450  -3788   1742  22482  15430  28484  15808  35594  38516  19956  16578  57476  28036  15752  37582  37324      0    152   2624    508  -8838  -7458 -19632 -17884 -21106 -24578 -19030 -19532 -20106 -16568 -19490 -18816 
-22304 -26410 -18808 -24548 -20360 -23190 -22710 -20800 -24080 -21998 -23194   1814 -10730  -9442  -7820  -5610  10034  11998  12214   8350   5174  16906  10126   6624  17442    854   5904   8254   -542   6476   2766   7686 -10612   1272   3716    152      0  72692   2056  -4694  -3364 -15498 -18080 -16634 -15360 -16544 -18698 -20470 -14856 -20280 -17318 
-22524 -23762 -19178 -22596 -22744 -24332 -24292 -23934 -26386 -20112 -22546   3906  -8688  -7122  -5424   -304  13348  13528  12208  10346   6472  18448  11580   6198  19924   3488   4816   6826   1578   6712   2888   9356  -7456   3606   3614   2624  72692      0   5916  -1576  -1694 -16166 -14464 -16384 -16402 -17966 -21180 -22428 -14542 -22420 -19256 
-20014 -21662 -21450 -14472 -15882 -20216 -22210 -23748 -25424 -23030 -24910  -1246   8046  16052  -7472  -9522   2454 -13196 -14628 -13224 -16966   1248   2942   7518   1062    830    344   -220  -9482 -11396   2510   -732 -16162  -2072  -1606    508   2056   5916      0  56928   8940 -23096 -21968 -17068 -16026 -10684  -7922 -11298  -7452  -9032  -9558 
-22374 -25358 -19606 -17464 -20850 -18714 -19402 -22002 -27416 -19482 -19240  -5966   6790  14496  -6718 -10102  -2478 -15236 -15158 -14406 -16794    656  -5758   -722  -1234  -3382  -9602  -9602  -9886 -12636  -4680  -4602 -20002  -7974  -5516  -8838  -4694  -1576  56928      0   6970 -22360 -14284 -17854 -19354 -10492 -13168 -13496  -7532 -13260 -12564 
-21620 -25260 -23898 -18764 -15856 -23374 -26468 -23606 -22574 -26954 -23932   4366  -9386    160  -6342  -9772    384  -9832  -9728 -10072  -7608   3540   2272   6632   5750    458     54   1480 -10374 -14902  -6394  -1206 -23580  -2690   4538  -7458  -3364  -1694   8940   6970      0 -23148  -7638 -16504 -22300 -16548 -14884 -15842 -13572 -18864 -19484 
-21188 -22746 -17224 -17970 -21204 -20298 -16522 -18900 -21344 -12764 -21368 -20386 -18570 -23772 -20266 -20126 -18736 -20390 -18296 -20144 -19748 -18830 -17718 -22290 -16620 -18404 -22142 -20390 -20932 -19428 -20576 -17862 -17236 -20042 -21020 -19632 -15498 -16166 -23096 -22360 -23148      0  -2282 -20584 -18440 -25074 -22884 -23222 -18036 -21916 -21868 
-24406 -15224 -24840 -23460 -21972 -19716 -16386 -20688 -26948 -22738 -21084 -14536 -18488 -14124  -3802  -9324 -17962 -18226 -18852 -17882 -24046 -17286 -16232 -13658 -20092 -19216 -22678 -23200 -20684 -17660 -19914 -22436 -21746 -19544 -13778 -17884 -18080 -14464 -21968 -14284  -7638  -2282      0 -18032 -23556 -25694 -20844 -19540 -21486 -23478 -22932 
-22534 -21430 -14794 -22362 -24284 -19278 -21640 -19162 -23902 -23078 -18504 -25486 -26936 -17328 -22252 -21280 -20216 -22222 -28130 -25428 -25950 -16544 -21806 -21954 -16406 -26600 -20794 -20550 -20394 -19242 -25244 -21628 -20026 -22236 -24774 -21106 -16634 -16384 -17068 -17854 -16504 -20584 -18032      0  -3854 -20482 -19774 -19704 -12726 -20562 -17836 
-23314 -20064 -17428 -18148 -25990 -20240 -14464 -17714 -18126 -15278 -24418 -26518 -24156 -16060 -24362 -21878 -15448 -21972 -24456 -24596 -17014 -15934 -17798 -17884 -11388 -19642 -22424 -22352 -20276 -18070 -26366 -15860 -26824 -22210 -19278 -24578 -15360 -16402 -16026 -19354 -22300 -18440 -23556  -3854      0 -15812 -18010 -17464 -16670 -15542 -16720 
-20424 -21294 -15724 -21236 -23314 -22020 -18622 -19962 -26170 -21074 -22818 -21518 -21302 -14254 -16404 -18580  -7374 -18762 -19500 -20792 -16232 -17564  -9226 -15296 -13938 -17340 -17176 -11260 -18424 -15932 -14164 -17594 -25250 -18386 -13198 -19030 -16544 -17966 -10684 -10492 -16548 -25074 -25694 -20482 -15812      0  64360  70832  29212  69202  64290 
-18906 -21538 -14568 -23190 -22784 -23136 -18936 -21882 -28026 -22118 -20074 -19948 -21862 -13670 -17876 -18484 -11358 -17482 -19794 -18244 -18356 -15960  -9146 -18576 -16338 -15194 -19922 -13188 -22434 -18054 -16798 -17476 -23632 -18816 -15860 -19532 -18698 -21180  -7922 -13168 -14884 -22884 -20844 -19774 -18010  64360      0  77144  29424  68230  61452 
-19968 -22706 -17476 -20418 -22462 -20816 -20730 -21688 -28860 -23032 -22302 -20264 -21214 -14728 -18660 -17126  -9256 -17972 -18734 -18486 -18246 -15598 -11648 -18274 -16448 -18878 -18970 -13054 -21606 -18594 -18378 -17328 -24462 -18768 -13994 -20106 -20470 -22428 -11298 -13496 -15842 -23222 -19540 -19704 -17464  70832  77144      0  26062  67806  62894 
-20598 -23954 -20834 -22004 -23818 -25094 -19036 -28088 -27356 -21658 -26960 -18356 -19398 -12256 -17854 -16256 -12856 -16526 -18158 -16876 -13996  -9822 -15004 -19200 -19236 -13978 -19278 -16814 -19570 -21054 -12450 -16590 -17454 -18320 -19718 -16568 -14856 -14542  -7452  -7532 -13572 -18036 -21486 -12726 -16670  29212  29424  26062      0  28940  31960 
-19986 -24144 -17208 -20880 -24072 -22750 -20336 -20460 -28708 -22052 -22722 -18966 -21956 -12532 -15586 -17278 -10226 -16030 -18684 -18304 -18834 -16912  -9648 -18230 -16616 -18654 -17906 -13010 -23564 -20696 -19146 -16070 -24268 -19366 -15404 -19490 -20280 -22420  -9032 -13260 -18864 -21916 -23478 -20562 -15542  69202  68230  67806  28940      0  76266 
-22506 -24104 -17014 -22612 -23398 -22666 -18616 -21416 -28484 -20626 -23412 -18034 -22136  -8970 -16788 -17714  -9920 -14250 -17542 -15260 -15876 -15234  -7610 -17670 -14396 -18076 -15268  -9966 -22934 -19162 -18460 -12960 -23818 -18418 -14296 -18816 -17318 -19256  -9558 -12564 -19484 -21868 -22932 -17836 -16720  64290  61452  62894  31960  76266      0 
