     0   9214   7166  10766   2512  12648  16624  13500  27444  16814  28458  26358  16798  10710  19956  22180  -3602  24198  22526  20462  10034  13348   2454  -2478    384  -7374 -11358  -9256 -12856 -10226  -9920 
  9214      0  57184  65370  40222  11242   6522  -3870   8558  -3328  10244   9600  -1984   5340   2066  12646 -15720   9262    920   5050  11998  13528 -13196 -15236  -9832 -18762 -17482 -17972 -16526 -16030 -14250 
  7166  57184      0  57326  39936   7860   4912  -4908   9876  -3190   8040   8716   1480   4704   -362  12440 -18816   4416   2030  -2796  12214  12208 -14628 -15158  -9728 -19500 -19794 -18734 -18158 -18684 -17542 
 10766  65370  57326      0  43374  10956   5044  -5080   9086   -248   8996   9442  -1618   2230    526  13382 -15796   9556   4440   2450   8350  10346 -13224 -14406 -10072 -20792 -18244 -18486 -16876 -18304 -15260 
  2512  40222  39936  43374      0  17660  -7728 -10762   2124  -8674  -3566  -1918  -5950   2110  -3022   1186 -14124   1226  -2670  -3788   5174   6472 -16966 -16794  -7608 -16232 -18356 -18246 -13996 -18834 -15876 
 12648  11242   7860  10956  17660      0   3096   -166   4730  -3142   5644   7230  -1332   -436    162  11484 -19128   6472   5972   1742  16906  18448   1248    656   3540 -17564 -15960 -15598  -9822 -16912 -15234 
 16624   6522   4912   5044  -7728   3096      0  41026  38050  45144  38372  35790  13264  13450  13314  26442  -7902  25018  36528  22482  10126  11580   2942  -5758   2272  -9226  -9146 -11648 -15004  -9648  -7610 
 13500  -3870  -4908  -5080 -10762   -166  41026      0  30452  45252  29816  29580  11942  11158  22290  17944  -4214  19914  31058  15430   6624   6198   7518   -722   6632 -15296 -18576 -18274 -19200 -18230 -17670 
 27444   8558   9876   9086   2124   4730  38050  30452      0  28928  37554  37178  17164  15652  21140  38182  -5462  29250  34484  28484  17442  19924   1062  -1234   5750 -13938 -16338 -16448 -19236 -16616 -14396 
 16814  -3328  -3190   -248  -8674  -3142  45144  45252  28928      0  41202  39252  12136   8012  13682  21020 -10504  17296  29684  15808    854   3488    830  -3382    458 -17340 -15194 -18878 -13978 -18654 -18076 
 28458  10244   8040   8996  -3566   5644  38372  29816  37554  41202      0  74544  25494  20620  26612  42448  -6048  36392  34166  35594   5904   4816    344  -9602     54 -17176 -19922 -18970 -19278 -17906 -15268 
 26358   9600   8716   9442  -1918   7230  35790  29580  37178  39252  74544      0  24410  24752  31600  41696  -5914  43148  36030  38516   8254   6826   -220  -9602   1480 -11260 -13188 -13054 -16814 -13010  -9966 
 16798  -1984   1480  -1618  -5950  -1332  13264  11942  17164  12136  25494  24410      0  33712  14310  16084  -5624  21460  12210  19956   -542   1578  -9482  -9886 -10374 -18424 -22434 -21606 -19570 -23564 -22934 
 10710   5340   4704   2230   2110   -436  13450  11158  15652   8012  20620  24752  33712      0  18628  16468  -4004  19474  11972  16578   6476   6712 -11396 -12636 -14902 -15932 -18054 -18594 -21054 -20696 -19162 
 19956   2066   -362    526  -3022    162  13314  22290  21140  13682  26612  31600  14310  18628      0  19892  20610  29754  23182  57476   2766   2888   2510  -4680  -6394 -14164 -16798 -18378 -12450 -19146 -18460 
 22180  12646  12440  13382   1186  11484  26442  17944  38182  21020  42448  41696  16084  16468  19892      0  -4848  52306  34006  28036   7686   9356   -732  -4602  -1206 -17594 -17476 -17328 -16590 -16070 -12960 
 -3602 -15720 -18816 -15796 -14124 -19128  -7902  -4214  -5462 -10504  -6048  -5914  -5624  -4004  20610  -4848      0  -4670  -8774  15752 -10612  -7456 -16162 -20002 -23580 -25250 -23632 -24462 -17454 -24268 -23818 
 24198   9262   4416   9556   1226   6472  25018  19914  29250  17296  36392  43148  21460  19474  29754  52306  -4670      0  43964  37582   1272   3606  -2072  -7974  -2690 -18386 -18816 -18768 -18320 -19366 -18418 
 22526    920   2030   4440  -2670   5972  36528  31058  34484  29684  34166  36030  12210  11972  23182  34006  -8774  43964      0  37324   3716   3614  -1606  -5516   4538 -13198 -15860 -13994 -19718 -15404 -14296 
 20462   5050  -2796   2450  -3788   1742  22482  15430  28484  15808  35594  38516  19956  16578  57476  28036  15752  37582  37324      0    152   2624    508  -8838  -7458 -19030 -19532 -20106 -16568 -19490 -18816 
 10034  11998  12214   8350   5174  16906  10126   6624  17442    854   5904   8254   -542   6476   2766   7686 -10612   1272   3716    152      0  72692   2056  -4694  -3364 -16544 -18698 -20470 -14856 -20280 -17318 
 13348  13528  12208  10346   6472  18448  11580   6198  19924   3488   4816   6826   1578   6712   2888   9356  -7456   3606   3614   2624  72692      0   5916  -1576  -1694 -17966 -21180 -22428 -14542 -22420 -19256 
  2454 -13196 -14628 -13224 -16966   1248   2942   7518   1062    830    344   -220  -9482 -11396   2510   -732 -16162  -2072  -1606    508   2056   5916      0  56928   8940 -10684  -7922 -11298  -7452  -9032  -9558 
 -2478 -15236 -15158 -14406 -16794    656  -5758   -722  -1234  -3382  -9602  -9602  -9886 -12636  -4680  -4602 -20002  -7974  -5516  -8838  -4694  -1576  56928      0   6970 -10492 -13168 -13496  -7532 -13260 -12564 
   384  -9832  -9728 -10072  -7608   3540   2272   6632   5750    458     54   1480 -10374 -14902  -6394  -1206 -23580  -2690   4538  -7458  -3364  -1694   8940   6970      0 -16548 -14884 -15842 -13572 -18864 -19484 
 -7374 -18762 -19500 -20792 -16232 -17564  -9226 -15296 -13938 -17340 -17176 -11260 -18424 -15932 -14164 -17594 -25250 -18386 -13198 -19030 -16544 -17966 -10684 -10492 -16548      0  64360  70832  29212  69202  64290 
-11358 -17482 -19794 -18244 -18356 -15960  -9146 -18576 -16338 -15194 -19922 -13188 -22434 -18054 -16798 -17476 -23632 -18816 -15860 -19532 -18698 -21180  -7922 -13168 -14884  64360      0  77144  29424  68230  61452 
 -9256 -17972 -18734 -18486 -18246 -15598 -11648 -18274 -16448 -18878 -18970 -13054 -21606 -18594 -18378 -17328 -24462 -18768 -13994 -20106 -20470 -22428 -11298 -13496 -15842  70832  77144      0  26062  67806  62894 
-12856 -16526 -18158 -16876 -13996  -9822 -15004 -19200 -19236 -13978 -19278 -16814 -19570 -21054 -12450 -16590 -17454 -18320 -19718 -16568 -14856 -14542  -7452  -7532 -13572  29212  29424  26062      0  28940  31960 
-10226 -16030 -18684 -18304 -18834 -16912  -9648 -18230 -16616 -18654 -17906 -13010 -23564 -20696 -19146 -16070 -24268 -19366 -15404 -19490 -20280 -22420  -9032 -13260 -18864  69202  68230  67806  28940      0  76266 
 -9920 -14250 -17542 -15260 -15876 -15234  -7610 -17670 -14396 -18076 -15268  -9966 -22934 -19162 -18460 -12960 -23818 -18418 -14296 -18816 -17318 -19256  -9558 -12564 -19484  64290  61452  62894  31960  76266      0 
