     0   7024     51   1561   1664  -5778  -5565  -5035  -7786  -7518  -7573 
  7024      0   1379  -2349    424  -5333  -6951  -8703  -6915  -6378  -7006 
    51   1379      0   -921    189  -5557  -4342  -5551  -4222  -8562  -9549 
  1561  -2349   -921      0   3068  -6139  -3642  -8350  -5357  -6299  -7055 
  1664    424    189   3068      0  -6453  -5524  -8483  -5892  -7617  -7949 
 -5778  -5333  -5557  -6139  -6453      0  22892  15225   9747  19931  11372 
 -5565  -6951  -4342  -3642  -5524  22892      0  17900  12334  21437  12810 
 -5035  -8703  -5551  -8350  -8483  15225  17900      0   2518  13201  21119 
 -7786  -6915  -4222  -5357  -5892   9747  12334   2518      0   6978    -82 
 -7518  -6378  -8562  -6299  -7617  19931  21437  13201   6978      0  14021 
 -7573  -7006  -9549  -7055  -7949  11372  12810  21119    -82  14021      0 
