     0   5009     51   3874   1664  -7957  -7738  -7900  -7786  -7518  -7573 
  5009      0   1379   1210  -2030  -6214  -7106  -9584  -6915  -6378 -10286 
    51   1379      0   3669  -2029  -9732  -8562 -10120  -6758  -8868  -9549 
  3874   1210   3669      0   3068  -6139  -5365  -8350  -5357  -6299  -8124 
  1664  -2030  -2029   3068      0  -8694  -6406  -9561  -5892  -7617  -8560 
 -7957  -6214  -9732  -6139  -8694      0  22589  17522  11091  24784  16225 
 -7738  -7106  -8562  -5365  -6406  22589      0  17319  13543  26290  17663 
 -7900  -9584 -10120  -8350  -9561  17522  17319      0   4263  18054  26107 
 -7786  -6915  -6758  -5357  -5892  11091  13543   4263      0  11831   4771 
 -7518  -6378  -8868  -6299  -7617  24784  26290  18054  11831      0  18874 
 -7573 -10286  -9549  -8124  -8560  16225  17663  26107   4771  18874      0 
