     0   7897  -1220   1137   3262  -8540  -8774  -7840  -8027  -8921  -8949 
  7897      0    267   -680   -560  -8554  -8521  -7628  -8360  -8536  -9571 
 -1220    267      0   1387   -584  -4783  -5391  -5203  -4840  -5177  -4212 
  1137   -680   1387      0   6101  -8039  -8571  -8928  -8266  -7630  -7270 
  3262   -560   -584   6101      0  -7365  -8156  -8025  -8414  -7141  -7180 
 -8540  -8554  -4783  -8039  -7365      0  29769  33065  14750  32631  30646 
 -8774  -8521  -5391  -8571  -8156  29769      0  32894  17123  32557  29639 
 -7840  -7628  -5203  -8928  -8025  33065  32894      0  14563  32405  30420 
 -8027  -8360  -4840  -8266  -8414  14750  17123  14563      0  16348  17650 
 -8921  -8536  -5177  -7630  -7141  32631  32557  32405  16348      0  36222 
 -8949  -9571  -4212  -7270  -7180  30646  29639  30420  17650  36222      0 
