     0   5878  -2110    590   2195  -8077  -8753  -8779  -8167  -9061  -9045 
  5878      0  -1025  -1334  -1400  -8964  -8325  -7981  -8174  -8475  -9734 
 -2110  -1025      0     76  -1671  -6279  -6306  -5947  -5549  -5538  -4895 
   590  -1334     76      0   4461  -8202  -8748  -8994  -8427  -7793  -7426 
  2195  -1400  -1671   4461      0  -7062  -8505  -8119  -8228  -7832  -7624 
 -8077  -8964  -6279  -8202  -7062      0  27479  30815  13290  30260  28826 
 -8753  -8325  -6306  -8748  -8505  27479      0  29973  15576  30653  28286 
 -8779  -7981  -5947  -8994  -8119  30815  29973      0  13176  30541  29107 
 -8167  -8174  -5549  -8427  -8228  13290  15576  13176      0  14562  15215 
 -9061  -8475  -5538  -7793  -7832  30260  30653  30541  14562      0  33147 
 -9045  -9734  -4895  -7426  -7624  28826  28286  29107  15215  33147      0 
