     0   5009  -4347   3874   6479  -5778  -7738  -7900  -7786  -7317  -7573 
  5009      0  -3268   1210    871  -5333  -7106  -9584  -6915  -6277  -9658 
 -4347  -3268      0  -1395  -2029  -9684  -8562 -10120  -6758  -8868  -9549 
  3874   1210  -1395      0   4990  -5812  -5365  -8350  -5357  -6299  -8124 
  6479    871  -2029   4990      0  -5943  -6406  -9561  -5892  -7586  -8481 
 -5778  -5333  -9684  -5812  -5943      0  17736  12669   6238  19931  11372 
 -7738  -7106  -8562  -5365  -6406  17736      0  12466   9036  21437  12810 
 -7900  -9584 -10120  -8350  -9561  12669  12466      0   -435  13967  21119 
 -7786  -6915  -6758  -5357  -5892   6238   9036   -435      0   6978    -82 
 -7317  -6277  -8868  -6299  -7586  19931  21437  13967   6978      0  14021 
 -7573  -9658  -9549  -8124  -8481  11372  12810  21119    -82  14021      0 
