     0    195  -4347   -491   1664  -5388  -6258  -7900  -7522  -6776  -7573 
   195      0  -3268  -3730  -2030  -6214  -7106  -9584  -6915  -6378 -10286 
 -4347  -3268      0   3669  -1631  -9732  -8562 -10120  -6758  -8868  -9549 
  -491  -3730   3669      0   3248  -6139  -5365  -8350  -5357  -6299  -8124 
  1664  -2030  -1631   3248      0  -8694  -6406  -9561  -5892  -7617  -8560 
 -5388  -6214  -9732  -6139  -8694      0  17736  12669   8808  19931  13942 
 -6258  -7106  -8562  -5365  -6406  17736      0  12466   8690  24693  12810 
 -7900  -9584 -10120  -8350  -9561  12669  12466      0   -590  13201  21119 
 -7522  -6915  -6758  -5357  -5892   8808   8690   -590      0   6978   2488 
 -6776  -6378  -8868  -6299  -7617  19931  24693  13201   6978      0  14021 
 -7573 -10286  -9549  -8124  -8560  13942  12810  21119   2488  14021      0 
