     0   5009     51   3874   1664  -7957  -7738  -7900  -7786  -7518  -7573 
  5009      0   1379   1210  -2030  -6214  -7106  -9584  -6915  -6378 -10286 
    51   1379      0   3669  -2029  -9732  -8562 -10120  -6758  -8868  -9549 
  3874   1210   3669      0   3068  -6139  -5365  -8350  -5357  -6299  -8124 
  1664  -2030  -2029   3068      0  -8694  -6406  -9561  -5892  -7617  -8560 
 -7957  -6214  -9732  -6139  -8694      0  20441  15374   8943  22636  14077 
 -7738  -7106  -8562  -5365  -6406  20441      0  15171  11395  24142  15515 
 -7900  -9584 -10120  -8350  -9561  15374  15171      0   2115  15906  23959 
 -7786  -6915  -6758  -5357  -5892   8943  11395   2115      0   9683   2623 
 -7518  -6378  -8868  -6299  -7617  22636  24142  15906   9683      0  16726 
 -7573 -10286  -9549  -8124  -8560  14077  15515  23959   2623  16726      0 
