     0   8117  -1952   2139   4181  -8346  -8608  -8404  -8655  -8878  -8684 
  8117      0    -51    295    212  -8617  -8344  -7816  -7809  -8985  -9893 
 -1952    -51      0   1253   -203  -3222  -4255  -3610  -3075  -3766  -2276 
  2139    295   1253      0   6771  -8811  -8849  -9398  -8313  -8112  -7957 
  4181    212   -203   6771      0  -7303  -8409  -8271  -8513  -6912  -6811 
 -8346  -8617  -3222  -8811  -7303      0  32275  35745  16837  34458  32487 
 -8608  -8344  -4255  -8849  -8409  32275      0  34761  18328  34466  31562 
 -8404  -7816  -3610  -9398  -8271  35745  34761      0  16902  34288  32317 
 -8655  -7809  -3075  -8313  -8513  16837  18328  16902      0  17448  18624 
 -8878  -8985  -3766  -8112  -6912  34458  34466  34288  17448      0  37937 
 -8684  -9893  -2276  -7957  -6811  32487  31562  32317  18624  37937      0 
