     0   7024     51   1561   4210  -7865  -7490  -5552  -7786  -7518  -7573 
  7024      0   1379  -2349   -115  -6214  -6504  -9137  -6915  -6378 -10286 
    51   1379      0   -921  -1631  -5146  -5810  -5560  -4222  -6196  -7264 
  1561  -2349   -921      0   5108  -6139  -5365  -5768  -5357  -6299  -8124 
  4210   -115  -1631   5108      0  -7911  -6406  -6504  -5892  -7617  -8560 
 -7865  -6214  -5146  -6139  -7911      0  21185  16142   8847  22358  13162 
 -7490  -6504  -5810  -5365  -6406  21185      0  16979  10615  23362  14877 
 -5552  -9137  -5560  -5768  -6504  16142  16979      0   1690  15126  23179 
 -7786  -6915  -4222  -5357  -5892   8847  10615   1690      0   9849   2623 
 -7518  -6378  -6196  -6299  -7617  22358  23362  15126   9849      0  15946 
 -7573 -10286  -7264  -8124  -8560  13162  14877  23179   2623  15946      0 
