     0    -28  -2734   -491   1664  -7957  -7738  -7900  -7786  -7518  -7573 
   -28      0  -3235   1210    871  -4985  -7106  -7589  -6915  -6378  -7109 
 -2734  -3235      0  -1395  -2029  -6623  -8226 -10120  -6758  -8868  -7730 
  -491   1210  -1395      0   4990  -6139  -5365  -8350  -5357  -6299  -7617 
  1664    871  -2029   4990      0  -7158  -6406  -9561  -5892  -6772  -5543 
 -7957  -4985  -6623  -6139  -7158      0  17736  12669   6238  19931  12391 
 -7738  -7106  -8226  -5365  -6406  17736      0  12466   8690  21437  12810 
 -7900  -7589 -10120  -8350  -9561  12669  12466      0   -494  15744  21119 
 -7786  -6915  -6758  -5357  -5892   6238   8690   -494      0   7074    -82 
 -7518  -6378  -8868  -6299  -6772  19931  21437  15744   7074      0  14021 
 -7573  -7109  -7730  -7617  -5543  12391  12810  21119    -82  14021      0 
