     0   -860  -4941   1869   5068  -8549  -7638  -8657  -7824  -7418  -8219 
  -860      0  -3187  -2479  -2542  -6114  -7468 -10188  -7285  -6313 -10620 
 -4941  -3187      0  -2695  -3850  -9983  -8430 -10276  -7030  -8768  -9549 
  1869  -2479  -2695      0   3268  -6039  -5555  -8327  -5557  -6199  -8024 
  5068  -2542  -3850   3268      0  -8594  -6356  -9844  -5792  -7701  -9197 
 -8549  -6114  -9983  -6039  -8594      0  17836   9516   3649  19931   8620 
 -7638  -7468  -8430  -5555  -6356  17836      0   8252   5737  21537   8647 
 -8657 -10188 -10276  -8327  -9844   9516   8252      0  -5340   9769  21119 
 -7824  -7285  -7030  -5557  -5792   3649   5737  -5340      0   4089  -5585 
 -7418  -6313  -8768  -6199  -7701  19931  21537   9769   4089      0  10150 
 -8219 -10620  -9549  -8024  -9197   8620   8647  21119  -5585  10150      0 
