     0   7330   -351     66   4061  -7888  -9148  -9767  -8588  -9460  -9433 
  7330      0   -364   -418   1086  -9665  -9646  -9161  -8686  -9990 -10695 
  -351   -364      0    161  -1149  -5625  -6194  -6401  -5559  -5472  -5383 
    66   -418    161      0   3619  -8911  -9531  -9236  -8699  -8899  -8121 
  4061   1086  -1149   3619      0  -7553  -8687  -9179  -7967  -8430  -8111 
 -7888  -9665  -5625  -8911  -7553      0  33851  36160  18918  36866  34938 
 -9148  -9646  -6194  -9531  -8687  33851      0  36140  22026  37653  35220 
 -9767  -9161  -6401  -9236  -9179  36160  36140      0  18599  36514  35564 
 -8588  -8686  -5559  -8699  -7967  18918  22026  18599      0  20818  21405 
 -9460  -9990  -5472  -8899  -8430  36866  37653  36514  20818      0  39887 
 -9433 -10695  -5383  -8121  -8111  34938  35220  35564  21405  39887      0 
