     0  11306 -14584  41622 -13268 -16686 -15542 -19426 -14782 -14776 -10090 
 11306      0 -13736  12970 -12290 -16170  -5860 -15116 -23990  -7602 -12214 
-14584 -13736      0 -15632  -7274 -21796  15506  -1254 -24488  15252 -23818 
 41622  12970 -15632      0 -18566 -15904 -11984 -18008 -14526 -12496 -11828 
-13268 -12290  -7274 -18566      0 -19708  -9006 -17108 -20988  -9612 -15176 
-16686 -16170 -21796 -15904 -19708      0 -16794 -11494 -14568 -17038  38900 
-15542  -5860  15506 -11984  -9006 -16794      0  11796 -21900  75700 -16262 
-19426 -15116  -1254 -18008 -17108 -11494  11796      0 -15942   7996  -8586 
-14782 -23990 -24488 -14526 -20988 -14568 -21900 -15942      0 -18622  -5932 
-14776  -7602  15252 -12496  -9612 -17038  75700   7996 -18622      0 -15188 
-10090 -12214 -23818 -11828 -15176  38900 -16262  -8586  -5932 -15188      0 
