     0  -1386 -13918  29480 -14238 -19832 -13808 -19360 -14780 -14298 -11860 
 -1386      0 -12322    850 -10022 -17076  -4650 -15298 -27074  -8108 -15856 
-13918 -12322      0 -13150 -11720 -22784   5518  -3656 -24734   5876 -23380 
 29480    850 -13150      0 -19112 -18478  -9526 -18658 -16822 -11320 -16442 
-14238 -10022 -11720 -19112      0 -21512 -10070 -15158 -22494 -12646 -17050 
-19832 -17076 -22784 -18478 -21512      0 -17664 -14110 -17640 -19304  24600 
-13808  -4650   5518  -9526 -10070 -17664      0   6522 -20668  61024 -16682 
-19360 -15298  -3656 -18658 -15158 -14110   6522      0 -15184   5640  -8090 
-14780 -27074 -24734 -16822 -22494 -17640 -20668 -15184      0 -18078 -10868 
-14298  -8108   5876 -11320 -12646 -19304  61024   5640 -18078      0 -16188 
-11860 -15856 -23380 -16442 -17050  24600 -16682  -8090 -10868 -16188      0 
