     0   3136   3390   2733  -2672   1319  -1209   4202   6133   7337  10727   8209   7850   5352   5694   6664  10484   6223   6182   2983   1702   1936    628    759  -4528  -6351  -7261  -6221  -7184  -9126 
  3136      0  18928  20683   8852   -169  -4705  -1176   2074   1503   4534   3506   2852   -578   1891   2908   3060    -13   -331   3031   2361  -2123  -3090  -1382  -8357  -5510  -8997  -4904  -6945  -8307 
  3390  18928      0  18833   9376    387  -5304  -1427   2584   1408   2908   2161   3066   -575    424   3026   1584    693  -1764   4229   2544  -2799  -3306   -774  -9062  -6075  -9106  -6167  -7992  -9153 
  2733  20683  18833      0   8592   -103  -4657  -1353   1574   2075   4038   3213   1842  -1016    710   3342   1300    458  -1079   2659   2223  -2657  -3978   -836  -9609  -6415  -8975  -5987  -7990  -9284 
 -2672   8852   9376   8592      0   4686  -8720  -4613  -2870  -5228  -4738  -4499  -2204  -1251  -1854  -5086  -4455  -3893  -1832   -655    261  -4009  -5220  -3807  -9726  -8250 -11188  -6242  -9387 -11487 
  1319   -169    387   -103   4686      0  -8685  -2531  -1452  -3228  -3146  -2502   1056   1251   1527   -955  -1156  -1704   -117   1999   2768   1896   1686  -3341  -9782  -8296 -11634  -5790  -9286 -11463 
 -1209  -4705  -5304  -4657  -8720  -8685      0   4769   5874   4744   5839   5820   3030   2221   -730    977   1101   2640   -910  -3109  -2993  -8584 -10393  -6826  -5150  -7376  -5551  -8972  -5825  -4731 
  4202  -1176  -1427  -1353  -4613  -2531   4769      0   9022  12235  10535  11565   8104   7742   5341   5477   6685   9083   4688   -105    448  -2793  -5283  -2127  -5139  -6979 -10172  -6782  -7295 -10107 
  6133   2074   2584   1574  -2870  -1452   5874   9022      0   8619   8920   8572   6860   5548   3254   8142   6592   5387   3101   4136   6291  -4411  -3053  -3205  -2583  -5106 -10314  -5984  -5453 -10237 
  7337   1503   1408   2075  -5228  -3228   4744  12235   8619      0  12542  13975   8936   6868   5754   8121   7454   5913   5250    306    133   -375  -4262    186  -6983  -6724  -8559  -6394  -7349  -8221 
 10727   4534   2908   4038  -4738  -3146   5839  10535   8920  12542      0  20147  11676   9944   7325   9831  10981   8916   9521   1021    655  -1857  -4185    212  -6534  -6612  -8905  -7758  -6564  -8863 
  8209   3506   2161   3213  -4499  -2502   5820  11565   8572  13975  20147      0  10223  11600  10378  10277  12739   9070  10447   2376   1361    314  -3096   3255  -4709  -5198  -7624  -7384  -5238  -7192 
  7850   2852   3066   1842  -2204   1056   3030   8104   6860   8936  11676  10223      0  12746   6310   5727   7205   5928   5676   1435   2481  -1943  -2792  -1638  -5783  -7390  -9657  -5466  -6999  -8403 
  5352   -578   -575  -1016  -1251   1251   2221   7742   5548   6868   9944  11600  12746      0   9471   6737   7622   7282   8705   3026   3680  -4536  -4215  -5193  -6919  -7289  -8445  -8068  -7439  -8013 
  5694   1891    424    710  -1854   1527   -730   5341   3254   5754   7325  10378   6310   9471      0   6523   9158   5409  18905   1077    533   1943  -1591  -2244  -7798  -8003  -9153  -6551  -8382  -7957 
  6664   2908   3026   3342  -5086   -955    977   5477   8142   8121   9831  10277   5727   6737   6523      0  16884   7461   5769    510   1654   -493   -503  -1179  -8409  -7252 -10466  -6392  -7636  -9513 
 10484   3060   1584   1300  -4455  -1156   1101   6685   6592   7454  10981  12739   7205   7622   9158  16884      0  12732   9497   1191    977    691   -779    120  -6905  -6991  -9584  -6051  -7453  -9540 
  6223    -13    693    458  -3893  -1704   2640   9083   5387   5913   8916   9070   5928   7282   5409   7461  12732      0   6982   2541   -128  -1110  -1634   -748  -5832  -6525  -8698  -7788  -6356  -8858 
  6182   -331  -1764  -1079  -1832   -117   -910   4688   3101   5250   9521  10447   5676   8705  18905   5769   9497   6982      0  -1144  -1457   1490  -1942  -2854  -8577  -7771 -10106  -7124  -8345 -10106 
  2983   3031   4229   2659   -655   1999  -3109   -105   4136    306   1021   2376   1435   3026   1077    510   1191   2541  -1144      0  19139   2390  -1124  -2803  -7104  -8103  -9646  -6403  -7862  -9152 
  1702   2361   2544   2223    261   2768  -2993    448   6291    133    655   1361   2481   3680    533   1654    977   -128  -1457  19139      0  -2769  -3374  -3091  -8770  -7869 -10539  -6130  -9638 -10468 
  1936  -2123  -2799  -2657  -4009   1896  -8584  -2793  -4411   -375  -1857    314  -1943  -4536   1943   -493    691  -1110   1490   2390  -2769      0  12731  -2204  -5425  -2933  -7393  -4216  -3896  -5930 
   628  -3090  -3306  -3978  -5220   1686 -10393  -5283  -3053  -4262  -4185  -3096  -2792  -4215  -1591   -503   -779  -1634  -1942  -1124  -3374  12731      0  -1838  -5950  -5680  -8708  -5089  -6904  -6037 
   759  -1382   -774   -836  -3807  -3341  -6826  -2127  -3205    186    212   3255  -1638  -5193  -2244  -1179    120   -748  -2854  -2803  -3091  -2204  -1838      0  -6881  -6314  -9228  -6917  -7855  -9433 
 -4528  -8357  -9062  -9609  -9726  -9782  -5150  -5139  -2583  -6983  -6534  -4709  -5783  -6919  -7798  -8409  -6905  -5832  -8577  -7104  -8770  -5425  -5950  -6881      0  17836   9516   3649  19931   8620 
 -6351  -5510  -6075  -6415  -8250  -8296  -7376  -6979  -5106  -6724  -6612  -5198  -7390  -7289  -8003  -7252  -6991  -6525  -7771  -8103  -7869  -2933  -5680  -6314  17836      0   8252   5737  21537   8647 
 -7261  -8997  -9106  -8975 -11188 -11634  -5551 -10172 -10314  -8559  -8905  -7624  -9657  -8445  -9153 -10466  -9584  -8698 -10106  -9646 -10539  -7393  -8708  -9228   9516   8252      0  -5340   9769  21119 
 -6221  -4904  -6167  -5987  -6242  -5790  -8972  -6782  -5984  -6394  -7758  -7384  -5466  -8068  -6551  -6392  -6051  -7788  -7124  -6403  -6130  -4216  -5089  -6917   3649   5737  -5340      0   4089  -5585 
 -7184  -6945  -7992  -7990  -9387  -9286  -5825  -7295  -5453  -7349  -6564  -5238  -6999  -7439  -8382  -7636  -7453  -6356  -8345  -7862  -9638  -3896  -6904  -7855  19931  21537   9769   4089      0  10150 
 -9126  -8307  -9153  -9284 -11487 -11463  -4731 -10107 -10237  -8221  -8863  -7192  -8403  -8013  -7957  -9513  -9540  -8858 -10106  -9152 -10468  -5930  -6037  -9433   8620   8647  21119  -5585  10150      0 
