     0   3922   4332   4002  -1044   6309   1375   4102   7568   5527   9284  13716   8526   5352   5025  11726   7809   7355   5586   4957   4505   4853   3725   5449  -1472  -2050  -3488  -4879  -6946  -7271 
  3922      0  21718  24161  11052   6127  -2933   -676   3463    958   1410   5287   1837      0   2175   6401   1001    654    608   5034   5422    769  -1013    848  -5813  -3086  -6373  -4687  -6310  -6764 
  4332  21718      0  22311  11576   6142  -2779   -927   3749    942    685   4724   2028    -57    538   6511    -58   2193   -603   6412   6113   -117   -448   1354  -6804  -4314  -7109  -5569  -7732  -8121 
  4002  24161  22311      0  10792   9848  -1711   -853   4193   1205   2095   7814   1483   -516   1164   9837   2248   3418   1830   8204   6444    566   -680   1501  -6971  -3500  -5674  -5268  -8011  -8397 
 -1044  11052  11576  10792      0   4486  -7070  -2801    786  -3611  -2670  -1062    563    199   -494  -1233   -670  -1623    442   1743   3009  -1300  -1448  -1786  -4475  -2510  -8981  -3238  -8169  -9436 
  6309   6127   6142   9848   4486      0  -4661    193   2027  -1720   1615   6147   2706   2651    764   7522   1495    527    707   8927   5795   3762   5787   1319  -6456  -5483  -3840  -2302  -8592 -10936 
  1375  -2933  -2779  -1711  -7070  -4661      0   8739   5538   6796   6887   6858   3030   2921     78   2395   2103   3020     90    178  -1198  -6573  -7378  -4979  -4734  -6514  -2622  -8452  -6704  -4641 
  4102   -676   -927   -853  -2801    193   8739      0   8601  12035  11156  11465   7924   8742   6095   5377   6585   8883   5449    168    348   -479  -2186  -1527  -4469  -6897  -4656  -6490  -8081  -9675 
  7568   3463   3749   4193    786   2027   5538   8601      0  11653  10873  14088   9599   5860   7041  12781   8628  11181  10645   4910   7993   2893   1847   2169  -3935  -3099  -3473  -2725  -6503  -8704 
  5527    958    942   1205  -3611  -1720   6796  12035  11653      0  12511  12481  11240   7168   7546   7005   6198   8961   6938   -249   1509   2090  -1778   -147  -3495  -4341  -5820  -4429  -7335  -5717 
  9284   1410    685   2095  -2670   1615   6887  11156  10873  12511      0  20147  10482   9944   8025  10445  13831   9034  10221   4086   3383   -878  -3830  -1870  -3668  -4056  -2960  -5636  -6617  -8868 
 13716   5287   4724   7814  -1062   6147   6858  11465  14088  12481  20147      0  10718  11600   9260  18744  13109  10375  10331   8305   6168   2852   2091   5468  -2032  -2759  -3055  -6196  -5338  -7292 
  8526   1837   2028   1483    563   2706   3030   7924   9599  11240  10482  10718      0  13846   9846   6600   7924   9915  10913   1735   3474  -1011  -1401  -1160  -4771  -4816  -7216  -5485  -6999  -8403 
  5352      0    -57   -516    199   2651   2921   8742   5860   7168   9944  11600  13846      0  10171   6645   7922   8041   9405   3326   3580  -2361  -1645  -4587  -6869  -7415  -8377  -7521  -7439  -8013 
  5025   2175    538   1164   -494    764     78   6095   7041   7546   8025   9260   9846  10171      0   5999   8004   8907  20072    637   2282    727  -2641  -1570  -7261  -6238  -7193  -6551  -7774  -7612 
 11726   6401   6511   9837  -1233   7522   2395   5377  12781   7005  10445  18744   6600   6645   5999      0  17769  10036   8152   7552   6743   2655   4128   4302  -5941  -4641  -4265  -4373  -7514  -9391 
  7809   1001    -58   2248   -670   1495   2103   6585   8628   6198  13831  13109   7924   7922   8004  17769      0  14509  10543   1168   2143    429   -622   2200  -3621  -4756  -4103  -4076  -7345  -9274 
  7355    654   2193   3418  -1623    527   3020   8883  11181   8961   9034  10375   9915   8041   8907  10036  14509      0  15267    671   2273   2439    216   1356  -3296  -4696  -4876  -6073  -6356  -8777 
  5586    608   -603   1830    442    707     90   5449  10645   6938  10221  10331  10913   9405  20072   8152  10543  15267      0    785   2061    951   -809   -104  -4719  -4071  -6576  -5622  -7448  -8406 
  4957   5034   6412   8204   1743   8927    178    168   4910   -249   4086   8305   1735   3326    637   7552   1168    671    785      0  21592   2867   2943    808  -5825  -5054  -5148  -3719  -7412  -8136 
  4505   5422   6113   6444   3009   5795  -1198    348   7993   1509   3383   6168   3474   3580   2282   6743   2143   2273   2061  21592      0   3844   1716    277  -6063  -4467  -4155  -2963  -9001  -8471 
  4853    769   -117    566  -1300   3762  -6573   -479   2893   2090   -878   2852  -1011  -2361    727   2655    429   2439    951   2867   3844      0  15395   2738  -3025   -708  -3301   -684  -3996  -3467 
  3725  -1013   -448   -680  -1448   5787  -7378  -2186   1847  -1778  -3830   2091  -1401  -1645  -2641   4128   -622    216   -809   2943   1716  15395      0   4787  -4379  -2939  -4558  -1515  -6554  -5505 
  5449    848   1354   1501  -1786   1319  -4979  -1527   2169   -147  -1870   5468  -1160  -4587  -1570   4302   2200   1356   -104    808    277   2738   4787      0  -3778  -2914  -5225  -5559  -7672  -8397 
 -1472  -5813  -6804  -6971  -4475  -6456  -4734  -4469  -3935  -3495  -3668  -2032  -4771  -6869  -7261  -5941  -3621  -3296  -4719  -5825  -6063  -3025  -4379  -3778      0  22892  15225   9747  19931  11372 
 -2050  -3086  -4314  -3500  -2510  -5483  -6514  -6897  -3099  -4341  -4056  -2759  -4816  -7415  -6238  -4641  -4756  -4696  -4071  -5054  -4467   -708  -2939  -2914  22892      0  17900  12334  21437  12810 
 -3488  -6373  -7109  -5674  -8981  -3840  -2622  -4656  -3473  -5820  -2960  -3055  -7216  -8377  -7193  -4265  -4103  -4876  -6576  -5148  -4155  -3301  -4558  -5225  15225  17900      0   2518  13201  21119 
 -4879  -4687  -5569  -5268  -3238  -2302  -8452  -6490  -2725  -4429  -5636  -6196  -5485  -7521  -6551  -4373  -4076  -6073  -5622  -3719  -2963   -684  -1515  -5559   9747  12334   2518      0   6978    -82 
 -6946  -6310  -7732  -8011  -8169  -8592  -6704  -8081  -6503  -7335  -6617  -5338  -6999  -7439  -7774  -7514  -7345  -6356  -7448  -7412  -9001  -3996  -6554  -7672  19931  21437  13201   6978      0  14021 
 -7271  -6764  -8121  -8397  -9436 -10936  -4641  -9675  -8704  -5717  -8868  -7292  -8403  -8013  -7612  -9391  -9274  -8777  -8406  -8136  -8471  -3467  -5505  -8397  11372  12810  21119    -82  14021      0 
