     0   3922   3287   4002   3003   6028   -634  10672  12430  11274  15414  12446  13830  10061  10930  10049  12255  12878  11591   4957   6311   4288   3243   4021  -5978  -6530  -8381  -6221  -6946  -9226 
  3922      0  21718  24161  15750   6127  -3347   3625   7066   5396   5711   5287   5529   4301   4548   6401   5699   3305   3381   5034   6902    882  -1013    848  -8243  -4260  -7358  -4687  -6310  -6764 
  3287  21718      0  22311  16274   6142  -3538   3374   7464   5436   4986   4724   5828   4244   3303   6511   4640   4647   1576   6412   7339    390   -448   1354  -8962  -5718  -8151  -5569  -7732  -8121 
  4002  24161  22311      0  15490   6143  -3523   3448   6325   5903   5695   5407   3923   3785   3925   6827   5222   4814   1555   5835   7165   -369  -2026   1402  -9853  -5961  -8650  -5713  -8011  -8397 
  3003  15750  16274  15490      0   9184  -7070   1361   2972   1087   1617   2334   3647   4500   3807    831   2021   1925   2254   5133   6399  -1222  -2569    197  -9726  -7691 -10659  -5858  -9076 -10791 
  6028   6127   6142   6143   9184      0  -6630   3420   4399   2978   3344   3818   7007   6952   5065   4646   4842   4321   2535   5952   7317   2685   2253   1299  -8412  -8268 -10973  -5590  -8725 -10936 
  -634  -3347  -3538  -3523  -7070  -6630      0   6540   6373   7861   6638   6317   3511   3190    207   1815   2866   4105    726  -2948  -2979  -7184  -9212  -5516  -6280  -7576  -5651  -8972  -6981  -4641 
 10672   3625   3374   3448   1361   3420   6540      0  14909  17782  16590  17620  14079  13451  12726  10086  11315  15401  11946   4877   5057   3428   1602   4650  -6280  -7129  -9985  -6882  -8081  -9675 
 12430   7066   7464   6325   2972   4399   6373  14909      0  14598  14775  14427  12886  10569  10373  12551  11172  11636   9862   8785  11000   2855   3315   4026  -5374  -5080  -9701  -5708  -6503  -9557 
 11274   5396   5436   5903   1087   2978   7861  17782  14598      0  18218  18106  14943  11469  10491  11306  10896  12235  10151   3391   4234   1613   -412   3051  -7038  -6774  -8417  -6494  -7335  -8100 
 15414   5711   4986   5695   1617   3344   6638  16590  14775  18218      0  26758  16597  15149  14180  14540  15659  15019  16376   5722   5276   1964    932   4783  -6552  -6846  -9105  -7758  -6617  -8868 
 12446   5287   4724   5407   2334   3818   6317  17620  14427  18106  26758      0  16321  16805  15415  13762  16051  15173  15548   6161   5970   3448   1751   4442  -4804  -5353  -7641  -7484  -5338  -7292 
 13830   5529   5828   3923   3647   7007   3511  14079  12886  14943  16597  16321      0  18555  13997  10436  11403  11831  12683   6444   6997   3247   3424   3155  -6567  -7390  -9466  -5485  -6999  -8403 
 10061   4301   4244   3785   4500   6952   3190  13451  10569  11469  15149  16805  18555      0  14880  11354  13148  12698  14114   8035   8289   2448   1476    743  -6869  -7415  -8377  -7521  -7439  -8013 
 10930   4548   3303   3925   3807   5065    207  12726  10373  10491  14180  15415  13997  14880      0  10708  12734  12463  23672   5330   5780   3520   1837   3119  -7871  -7540  -7603  -6551  -7774  -7612 
 10049   6401   6511   6827    831   4646   1815  10086  12551  11306  14540  13762  10436  11354  10708      0  20030  12350   9954   4404   6263   3083   3773   2773  -8493  -7136  -9707  -6571  -7514  -9391 
 12255   5699   4640   5222   2021   4842   2866  11315  11172  10896  15659  16051  11403  13148  12734  20030      0  17836  13073   4637   5507   3218   3292   3171  -7585  -7077  -8780  -6151  -7345  -9274 
 12878   3305   4647   4814   1925   4321   4105  15401  11636  12235  15019  15173  11831  12698  12463  12350  17836      0  14176   4354   4429   2868   1053   4689  -5832  -6725  -8030  -7788  -6356  -8901 
 11591   3381   1576   1555   2254   2535    726  11946   9862  10151  16376  15548  12683  14114  23672   9954  13073  14176      0   3056   3537   2459   1033   2307  -7945  -7021  -8870  -7208  -7448  -8406 
  4957   5034   6412   5835   5133   5952  -2948   4877   8785   3391   5722   6161   6444   8035   5330   4404   4637   4354   3056      0  23648   3309   1473    808  -6398  -7653  -7910  -6233  -7412  -8136 
  6311   6902   7339   7165   6399   7317  -2979   5057  11000   4234   5276   5970   6997   8289   5780   6263   5507   4429   3537  23648      0   3217   2761   2242  -7925  -7269  -8679  -6060  -9001  -8471 
  4288    882    390   -369  -1222   2685  -7184   3428   2855   1613   1964   3448   3247   2448   3520   3083   3218   2868   2459   3309   3217      0  18276   2882  -6130  -3033  -7304  -4316  -3996  -6698 
  3243  -1013   -448  -2026  -2569   2253  -9212   1602   3315   -412    932   1751   3424   1476   1837   3773   3292   1053   1033   1473   2761  18276      0   4787  -6735  -5548  -8408  -4466  -6554  -8362 
  4021    848   1354   1402    197   1299  -5516   4650   4026   3051   4783   4442   3155    743   3119   2773   3171   4689   2307    808   2242   2882   4787      0  -7181  -6083  -9428  -6544  -7672 -10510 
 -5978  -8243  -8962  -9853  -9726  -8412  -6280  -6280  -5374  -7038  -6552  -4804  -6567  -6869  -7871  -8493  -7585  -5832  -7945  -6398  -7925  -6130  -6735  -7181      0  20441  15374   8943  22636  14077 
 -6530  -4260  -5718  -5961  -7691  -8268  -7576  -7129  -5080  -6774  -6846  -5353  -7390  -7415  -7540  -7136  -7077  -6725  -7021  -7653  -7269  -3033  -5548  -6083  20441      0  15171  11395  24142  15515 
 -8381  -7358  -8151  -8650 -10659 -10973  -5651  -9985  -9701  -8417  -9105  -7641  -9466  -8377  -7603  -9707  -8780  -8030  -8870  -7910  -8679  -7304  -8408  -9428  15374  15171      0   2115  15906  23959 
 -6221  -4687  -5569  -5713  -5858  -5590  -8972  -6882  -5708  -6494  -7758  -7484  -5485  -7521  -6551  -6571  -6151  -7788  -7208  -6233  -6060  -4316  -4466  -6544   8943  11395   2115      0   9683   2623 
 -6946  -6310  -7732  -8011  -9076  -8725  -6981  -8081  -6503  -7335  -6617  -5338  -6999  -7439  -7774  -7514  -7345  -6356  -7448  -7412  -9001  -3996  -6554  -7672  22636  24142  15906   9683      0  16726 
 -9226  -6764  -8121  -8397 -10791 -10936  -4641  -9675  -9557  -8100  -8868  -7292  -8403  -8013  -7612  -9391  -9274  -8901  -8406  -8136  -8471  -6698  -8362 -10510  14077  15515  23959   2623  16726      0 
