     0   1724   1279   3006    467   5213   6776   4664  10737   7305  11541   9782   6890   4158   6933   8311  -1198   9690   9480   7943   3485   5332   2091   1005    287   -971  -2812  -2010  -3511  -2693  -4267 
  1724      0  24646  27928  18149   3792   3890  -1425   4290  -1460   2518   1913  -1124   2380    920   4807  -6419   3866    659   1600   4440   5568  -2453  -4636  -3206  -5215  -6357  -6663  -7209  -6146  -5396 
  1279  24646      0  24717  18472   2597   3067  -1534   3861  -1387   1500   1700    225   2174     85   4219  -7758    746   1343  -2063   4860   4839  -3605  -5490  -2705  -7185  -7272  -7173  -8581  -7950  -7254 
  3006  27928  24717      0  19007   4047   3240  -2022   3289    108   1705   1423  -1933   1679   -388   4656  -6607   3187   2514     83   3662   5160  -4676  -4062  -3558  -6324  -6440  -7647  -7314  -7482  -6366 
   467  18149  18472  19007      0   5394  -1081  -4024    503  -2845  -1192  -1004  -3064   2159   -607    699  -6210    930  -1407   -897   2426   3575  -4285  -5420  -2218  -5613  -6270  -6486  -5133  -7807  -6357 
  5213   3792   2597   4047   5394      0   2197    256   2511   -468   3748   4233    742   1082   2049   5963  -7811   3704   2374   3217   6809   7175   2913   3030   2314  -4830  -4624  -4071  -3117  -6563  -6612 
  6776   3890   3067   3240  -1081   2197      0  17215  15867  18229  15125  14186   9173   8510   6036  10645  -2011  10627  13165   9443   4726   5070   1241  -2743    308  -4958  -5018  -5567  -5930  -5269  -4198 
  4664  -1425  -1534  -2022  -4024    256  17215      0  12790  19128  12645  12408   6299   7649   8366   8161     43   8703  12653   7216   2057   1579   1987  -1576   1153  -7448  -8261  -8669  -9603  -9015  -8585 
 10737   4290   3861   3289    503   2511  15867  12790      0  12114  14927  13739   7853   8000   9252  13356  -1457  11657  13397  11720   6192   8023    593    206   2698  -3887  -5667  -5881  -7231  -7433  -6504 
  7305  -1460  -1387    108  -2845   -468  18229  19128  12114      0  17506  16393   7472   6628   5670   9087  -3587   7832  11341   6129   -703    265   -904  -2640  -1553  -8461  -7247  -8151  -6689  -9139  -8517 
 11541   2518   1500   1705  -1192   3748  15125  12645  14927  17506      0  30863  12661  10186  10543  17068  -2140  14678  13597  14098   3108   2896    295  -4305    980  -5003  -6617  -6248  -7927  -7501  -6031 
  9782   1913   1700   1423  -1004   4233  14186  12408  13739  16393  30863      0  11829  11492  12946  15789  -2053  17037  13974  15785   4025   3173   2044  -3453    859  -3099  -4560  -4002  -6214  -5586  -3651 
  6890  -1124    225  -1933  -3064    742   9173   6299   7853   7472  12661  11829      0  15745   7579   8147   -635  10604   8061   9939   1450   2055  -2108  -2060  -3625  -6817  -8412  -8157  -8875  -8607  -8799 
  4158   2380   2174   1679   2159   1082   8510   7649   8000   6628  10186  11492  15745      0   9191   8048    -52   8656   7553   8440   3180   3552  -2320  -4556  -4386  -6432  -7571  -7581  -9531  -9916  -9681 
  6933    920     85   -388   -607   2049   6036   8366   9252   5670  10543  12946   7579   9191      0   8508  10205  12592  10365  25534    285   1235   -110  -2873  -1798  -5991  -7310  -8063  -6401  -8757  -8414 
  8311   4807   4219   4656    699   5963  10645   8161  13356   9087  17068  15789   8147   8048   8508      0  -1624  22259  13112  11005   3232   4775   1576   -601    479  -5270  -6106  -5601  -5779  -5904  -3894 
 -1198  -6419  -7758  -6607  -6210  -7811  -2011     43  -1457  -3587  -2140  -2053   -635    -52  10205  -1624      0   -168  -2237   7776  -4045  -2528  -6781  -9131  -8032 -11119 -10536 -10791  -8811 -10436 -10166 
  9690   3866    746   3187    930   3704  10627   8703  11657   7832  14678  17037  10604   8656  12592  22259   -168      0  18257  15905   1440   2357   1349  -1422   -487  -6541  -7363  -6513  -7206  -7564  -7184 
  9480    659   1343   2514  -1407   2374  13165  12653  13397  11341  13597  13974   8061   7553  10365  13112  -2237  18257      0  15361   -266   -291   -449  -2323   2244  -4888  -6474  -6738  -8269  -7247  -6977 
  7943   1600  -2063     83   -897   3217   9443   7216  11720   6129  14098  15785   9939   8440  25534  11005   7776  15905  15361      0   1291   1857    634  -2795  -1555  -6410  -6494  -7342  -7203  -6744  -7179 
  3485   4440   4860   3662   2426   6809   4726   2057   6192   -703   3108   4025   1450   3180    285   3232  -4045   1440   -266   1291      0  29807   1202  -1835    727  -4657  -6369  -7205  -6278  -8006  -7001 
  5332   5568   4839   5160   3575   7175   5070   1579   8023    265   2896   3173   2055   3552   1235   4775  -2528   2357   -291   1857  29807      0   1892   -634   1162  -5150  -6907  -7196  -5821  -8646  -7246 
  2091  -2453  -3605  -4676  -4285   2913   1241   1987    593   -904    295   2044  -2108  -2320   -110   1576  -6781   1349   -449    634   1202   1892      0  20669   4017  -3337  -2746  -4088  -2763  -3611  -4353 
  1005  -4636  -5490  -4062  -5420   3030  -2743  -1576    206  -2640  -4305  -3453  -2060  -4556  -2873   -601  -9131  -1422  -2323  -2795  -1835   -634  20669      0   2544  -3536  -3803  -4143  -4234  -4684  -4448 
   287  -3206  -2705  -3558  -2218   2314    308   1153   2698  -1553    980    859  -3625  -4386  -1798    479  -8032   -487   2244  -1555    727   1162   4017   2544      0  -5889  -4338  -4345  -6301  -6771  -6996 
  -971  -5215  -7185  -6324  -5613  -4830  -4958  -7448  -3887  -8461  -5003  -3099  -6817  -6432  -5991  -5270 -11119  -6541  -4888  -6410  -4657  -5150  -3337  -3536  -5889      0  27479  30815  13290  30260  28826 
 -2812  -6357  -7272  -6440  -6270  -4624  -5018  -8261  -5667  -7247  -6617  -4560  -8412  -7571  -7310  -6106 -10536  -7363  -6474  -6494  -6369  -6907  -2746  -3803  -4338  27479      0  29973  15576  30653  28286 
 -2010  -6663  -7173  -7647  -6486  -4071  -5567  -8669  -5881  -8151  -6248  -4002  -8157  -7581  -8063  -5601 -10791  -6513  -6738  -7342  -7205  -7196  -4088  -4143  -4345  30815  29973      0  13176  30541  29107 
 -3511  -7209  -8581  -7314  -5133  -3117  -5930  -9603  -7231  -6689  -7927  -6214  -8875  -9531  -6401  -5779  -8811  -7206  -8269  -7203  -6278  -5821  -2763  -4234  -6301  13290  15576  13176      0  14562  15215 
 -2693  -6146  -7950  -7482  -7807  -6563  -5269  -9015  -7433  -9139  -7501  -5586  -8607  -9916  -8757  -5904 -10436  -7564  -7247  -6744  -8006  -8646  -3611  -4684  -6771  30260  30653  30541  14562      0  33147 
 -4267  -5396  -7254  -6366  -6357  -6612  -4198  -8585  -6504  -8517  -6031  -3651  -8799  -9681  -8414  -3894 -10166  -7184  -6977  -7179  -7001  -7246  -4353  -4448  -6996  28826  28286  29107  15215  33147      0 
