     0   3139   2717   4242   1871   6430   8676   6969  12671   9692  14625  12885   8764   5583   9393  10987  -3318  11471  12487  10418   5258   6354   3445   2431   -865  -2256  -4026  -3191  -2890  -3934  -5117 
  3139      0  31510  34792  23224   5386   6596    450   6843    546   3847   2967   -876   4145   2647   5352  -8856   5697   1861   3368   6761   8000  -1342  -3719  -3948  -4806  -5952  -5913  -5337  -5507  -4976 
  2717  31510      0  31871  23554   4481   5588     81   6554    340   2569   2494    566   4086   1842   4767  -9667   2317   2575   -555   6919   7140  -2204  -4283  -3685  -6486  -7100  -7206  -6837  -7544  -6819 
  4242  34792  31871      0  24089   5931   5761   -407   5982   1835   2774   2217  -1592   3591   1369   5204  -8516   4758   3746   1591   5810   7461  -3275  -2855  -4507  -5625  -5745  -7157  -5372  -6553  -5869 
  1871  23224  23554  24089      0   7463   1729  -2253   3282   -672    323    526  -2772   3537   1960   2173  -8709   2664    536   1057   4348   5360  -3130  -4530  -3397  -5900  -6147  -6653  -3845  -7895  -6391 
  6430   5386   4481   5931   7463      0   4655   2367   4976   2744   4712   5083   2173   1479   4145   6735  -9866   5499   4195   5012  10093  10500   4107   3145   2394  -5893  -5393  -5190  -2121  -7526  -7641 
  8676   6596   5588   5761   1729   4655      0  21282  20787  22854  20372  19128  11692  10927  10303  14406  -3829  15828  17287  14253   6742   6678   1496  -2186    214  -4352  -4396  -5184  -5074  -4674  -3836 
  6969    450     81   -407  -2253   2367  21282      0  17232  24175  16146  16322   7834   8923  11728  11157  -1401  13054  15877  11098   3521   2939    635  -2255   1403  -8762  -8823  -9188  -9561  -9985  -9788 
 12671   6843   6554   5982   3282   4976  20787  17232      0  17710  19579  18700  10378  10290  14066  18435  -2399  17061  17520  16749   8736  10736    767   1690   2752  -3581  -5597  -6017  -6637  -7390  -6694 
  9692    546    340   1835   -672   2744  22854  24175  17710      0  22804  22000   9541   8282   9937  13393  -3869  12920  15413  10916    512   1339  -1841  -2976  -1696  -8929  -7865  -8066  -6675  -9784  -9395 
 14625   3847   2569   2774    323   4712  20372  16146  19579  22804      0  37384  14559  12444  15376  19901  -2826  19547  16640  19370   5382   4821   -345  -3908    427  -5476  -7152  -7223  -8234  -8063  -6558 
 12885   2967   2494   2217    526   5083  19128  16322  18700  22000  37384      0  13685  13710  17794  18935  -3014  21716  17326  21065   6254   5347   1069  -3192    325  -3673  -4816  -4751  -6242  -6062  -4149 
  8764   -876    566  -1592  -2772   2173  11692   7834  10378   9541  14559  13685      0  20164   9429  10286  -2465  13085  10939  12166   2607   3118  -2096  -1963  -3865  -7433  -9373  -9421  -9475  -9356  -9579 
  5583   4145   4086   3591   3537   1479  10927   8923  10290   8282  12444  13710  20164      0  11418  10355  -1987  11738  10244  10808   3524   3465  -2533  -5341  -4557  -7266  -8548  -8631  -9852 -11226 -10534 
  9393   2647   1842   1369   1960   4145  10303  11728  14066   9937  15376  17794   9429  11418      0  11984   8424  15445  16255  31521   2687   3250   1059  -1917  -2056  -6559  -8671  -9206  -7045  -9601  -9056 
 10987   5352   4767   5204   2173   6735  14406  11157  18435  13393  19901  18935  10286  10355  11984      0  -3639  27797  17051  15263   6307   8237   2460    601    571  -6287  -6296  -6799  -5452  -5855  -4078 
 -3318  -8856  -9667  -8516  -8709  -9866  -3829  -1401  -2399  -3869  -2826  -3014  -2465  -1987   8424  -3639      0  -1601  -3946   6191  -5034  -3761  -8884 -11155  -8654 -12261 -10886 -11179  -9672 -10786 -10516 
 11471   5697   2317   4758   2664   5499  15828  13054  17061  12920  19547  21716  13085  11738  15445  27797  -1601      0  21964  19855   4863   5008   2036     -9   -212  -5549  -6507  -6098  -6310  -6831  -6552 
 12487   1861   2575   3746    536   4195  17287  15877  17520  15413  16640  17326  10939  10244  16255  17051  -3946  21964      0  20422   1470   1059    538  -1281   1838  -4864  -6463  -6955  -7842  -7236  -7226 
 10418   3368   -555   1591   1057   5012  14253  11098  16749  10916  19370  21065  12166  10808  31521  15263   6191  19855  20422      0   2589   3587   1790  -2252  -1206  -5551  -6602  -7446  -6404  -6657  -7343 
  5258   6761   6919   5810   4348  10093   6742   3521   8736    512   5382   6254   2607   3524   2687   6307  -5034   4863   1470   2589      0  35794   2492   -816    203  -5420  -6491  -7352  -6229  -8322  -7163 
  6354   8000   7140   7461   5360  10500   6678   2939  10736   1339   4821   5347   3118   3465   3250   8237  -3761   5008   1059   3587  35794      0   3046   -413    506  -5734  -7114  -7846  -5879  -8875  -7515 
  3445  -1342  -2204  -3275  -3130   4107   1496    635    767  -1841   -345   1069  -2096  -2533   1059   2460  -8884   2036    538   1790   2492   3046      0  27349   3917  -3792  -3566  -5159  -3403  -4654  -5227 
  2431  -3719  -4283  -2855  -4530   3145  -2186  -2255   1690  -2976  -3908  -3192  -1963  -5341  -1917    601 -11155     -9  -1281  -2252   -816   -413  27349      0   2254  -4215  -4991  -5663  -5260  -5951  -5896 
  -865  -3948  -3685  -4507  -3397   2394    214   1403   2752  -1696    427    325  -3865  -4557  -2056    571  -8654   -212   1838  -1206    203    506   3917   2254      0  -6150  -4394  -4588  -5906  -7021  -7022 
 -2256  -4806  -6486  -5625  -5900  -5893  -4352  -8762  -3581  -8929  -5476  -3673  -7433  -7266  -6559  -6287 -12261  -5549  -4864  -5551  -5420  -5734  -3792  -4215  -6150      0  33851  36160  18918  36866  34938 
 -4026  -5952  -7100  -5745  -6147  -5393  -4396  -8823  -5597  -7865  -7152  -4816  -9373  -8548  -8671  -6296 -10886  -6507  -6463  -6602  -6491  -7114  -3566  -4991  -4394  33851      0  36140  22026  37653  35220 
 -3191  -5913  -7206  -7157  -6653  -5190  -5184  -9188  -6017  -8066  -7223  -4751  -9421  -8631  -9206  -6799 -11179  -6098  -6955  -7446  -7352  -7846  -5159  -5663  -4588  36160  36140      0  18599  36514  35564 
 -2890  -5337  -6837  -5372  -3845  -2121  -5074  -9561  -6637  -6675  -8234  -6242  -9475  -9852  -7045  -5452  -9672  -6310  -7842  -6404  -6229  -5879  -3403  -5260  -5906  18918  22026  18599      0  20818  21405 
 -3934  -5507  -7544  -6553  -7895  -7526  -4674  -9985  -7390  -9784  -8063  -6062  -9356 -11226  -9601  -5855 -10786  -6831  -7236  -6657  -8322  -8875  -4654  -5951  -7021  36866  37653  36514  20818      0  39887 
 -5117  -4976  -6819  -5869  -6391  -7641  -3836  -9788  -6694  -9395  -6558  -4149  -9579 -10534  -9056  -4078 -10516  -6552  -7226  -7343  -7163  -7515  -5227  -5896  -7022  34938  35220  35564  21405  39887      0 
