     0   -646  -1264     94  -2506    177  -1242   4202   6133   5327   9359   6391   7675   5352   3742   5440   7525   6223   4394    -52   2098   -140  -1926  -2372  -6140  -6351  -8516  -6221  -7184  -8300 
  -646      0  17020  19463   8852   -169  -4705  -1176   2074     31    910   1341    628   -578  -1129   1492    126   -998  -2438    811   2887  -1558  -1854  -3446  -8598  -2533  -8997  -4904  -6945  -7277 
 -1264  17020      0  17613   9376   3702  -5304  -1427   2584   1408   4099    -77   2550   -575  -2414   3026   3392  -1021  -1764   3693   2544  -3175  -3306   -774  -9062  -6075  -5561  -6167  -7992  -9153 
    94  19463  17613      0   9028   -103  -4657  -1353   1574    855   1144   1828   -976   -651  -1552   1926    174   1208  -3956   1243   2815  -3193  -3978  -2900  -9609  -6415  -8975  -5987  -7990  -9284 
 -2506   8852   9376   9028      0   4686  -8720  -4613  -2870  -5228  -3265  -4340  -1656  -1251  -1854  -5019  -1189  -3288   -126   -655    853  -1674  -3518  -2402  -9726  -7043 -11188  -4280  -9387  -8491 
   177   -169   3702   -103   4686      0  -8685  -2531  -1452  -2150  -1726  -2659   2472   1251   -923    461    600  -1704  -2567   3348   1395   1660   1333  -1679  -9183  -8296  -7852  -5790  -9286 -11463 
 -1242  -4705  -5304  -4657  -8720  -8685      0   4970   5874   4744   5839   5820   3030   2221   -730    977   1101   2640   -910  -3109  -2993  -8584 -10268  -6826  -6180  -7376  -5551  -8972  -4554  -4731 
  4202  -1176  -1427  -1353  -4613  -2531   4970      0   9022  12235  10535  11565   8104   7742   5341   5477   6685   9083   4688   -105    448  -2793  -5283  -2127  -6392  -6979 -10172  -6782  -5203 -10107 
  6133   2074   2584   1574  -2870  -1452   5874   9022      0   8619   8920   8572   6860   5548   3254   8142   6592   5387   3101   4136   6291  -4411  -3053  -3205  -5274  -5106 -10314  -5984  -4795 -10237 
  5327     31   1408    855  -5228  -2150   4744  12235   8619      0  12542  12199  10712   6868   3744   8121   7118   5913   5414    306    133  -2252  -4262    186  -6702  -6724  -8559  -6394  -7349  -8221 
  9359    910   4099   1144  -3265  -1726   5839  10535   8920  12542      0  20147  10482   9944   7325   9831  10981   8916   9521   1021   1460  -2685  -4185    212  -6224  -6612  -6215  -7758  -6564  -8957 
  6391   1341    -77   1828  -4340  -2659   5820  11565   8572  12199  20147      0  10223  11794   8560   9053  10825  10415   8793   1152   1361  -2591  -3477  -2586  -4709  -5198  -7624  -7384  -5238  -4058 
  7675    628   2550   -976  -1656   2472   3030   8104   6860  10712  10482  10223      0  12746   6310   6951   8257   5928   7494   2659   2388  -1092  -1334   -259  -6567  -7390  -9657  -5485  -6999  -8403 
  5352   -578   -575   -651  -1251   1251   2221   7742   5548   6868   9944  11794  12746      0   9471   6737   7622   7282   8705   3026   3680  -4536  -4215  -5193  -6919  -7289  -8445  -8068  -7439  -8013 
  3742  -1129  -2414  -1552  -1854   -923   -730   5341   3254   3744   7325   8560   6310   9471      0   5299   7304   5043  17311   -147    913  -1927  -3724  -5439  -9046  -8003  -9153  -6551  -8382  -8732 
  5440   1492   3026   1926  -5019    461    977   5477   8142   8121   9831   9053   6951   6737   5299      0  16884   7461   5769    510   1654    134    284    -27  -8409  -7252 -10466  -6392  -7636  -9513 
  7525    126   3392    174  -1189    600   1101   6685   6592   7118  10981  10825   8257   7622   7304  16884      0  12732   9127   1191    977   -840   -389   1050  -7383  -6991  -9356  -6051  -7453  -9540 
  6223   -998  -1021   1208  -3288  -1704   2640   9083   5387   5913   8916  10415   5928   7282   5043   7461  12732      0   6704    151   -128  -1181  -2652  -1659  -5832  -6525  -8698  -7788  -6356  -8261 
  4394  -2438  -1764  -3956   -126  -2567   -910   4688   3101   5414   9521   8793   7494   8705  17311   5769   9127   6704      0  -1144  -1457   -218  -1423  -2411  -8812  -7771 -10106  -7124  -8345  -8870 
   -52    811   3693   1243   -655   3348  -3109   -105   4136    306   1021   1152   2659   3026   -147    510   1191    151  -1144      0  19139   1046  -1124  -2803  -7104  -8103  -6194  -6403  -7862  -9152 
  2098   2887   2544   2815    853   1395  -2993    448   6291    133   1460   1361   2388   3680    913   1654    977   -128  -1457  19139      0  -2904  -2521  -3091  -8770  -4722 -10539  -6130  -9638  -7209 
  -140  -1558  -3175  -3193  -1674   1660  -8584  -2793  -4411  -2252  -2685  -2591  -1092  -4536  -1927    134   -840  -1181   -218   1046  -2904      0  15747  -3346  -6030  -2933  -7393  -4216  -3896  -5484 
 -1926  -1854  -3306  -3978  -3518   1333 -10268  -5283  -3053  -4262  -4185  -3477  -1334  -4215  -3724    284   -389  -2652  -1423  -1124  -2521  15747      0  -1838  -6928  -5680  -8708  -5089  -6904  -6843 
 -2372  -3446   -774  -2900  -2402  -1679  -6826  -2127  -3205    186    212  -2586   -259  -5193  -5439    -27   1050  -1659  -2411  -2803  -3091  -3346  -1838      0  -6286  -6314  -8654  -6266  -7855  -9867 
 -6140  -8598  -9062  -9609  -9726  -9183  -6180  -6392  -5274  -6702  -6224  -4709  -6567  -6919  -9046  -8409  -7383  -5832  -8812  -7104  -8770  -6030  -6928  -6286      0  17836   9516   3070  19931   8074 
 -6351  -2533  -6075  -6415  -7043  -8296  -7376  -6979  -5106  -6724  -6612  -5198  -7390  -7289  -8003  -7252  -6991  -6525  -7771  -8103  -4722  -2933  -5680  -6314  17836      0   8252   5701  21537   9003 
 -8516  -8997  -5561  -8975 -11188  -7852  -5551 -10172 -10314  -8559  -6215  -7624  -9657  -8445  -9153 -10466  -9356  -8698 -10106  -6194 -10539  -7393  -8708  -8654   9516   8252      0  -5340   9769  21119 
 -6221  -4904  -6167  -5987  -4280  -5790  -8972  -6782  -5984  -6394  -7758  -7384  -5485  -8068  -6551  -6392  -6051  -7788  -7124  -6403  -6130  -4216  -5089  -6266   3070   5701  -5340      0   4089  -5585 
 -7184  -6945  -7992  -7990  -9387  -9286  -4554  -5203  -4795  -7349  -6564  -5238  -6999  -7439  -8382  -7636  -7453  -6356  -8345  -7862  -9638  -3896  -6904  -7855  19931  21537   9769   4089      0  10150 
 -8300  -7277  -9153  -9284  -8491 -11463  -4731 -10107 -10237  -8221  -8957  -4058  -8403  -8013  -8732  -9513  -9540  -8261  -8870  -9152  -7209  -5484  -6843  -9867   8074   9003  21119  -5585  10150      0 
