     0  21185  16142   8847  22358  13162 
 21185      0  16979  10615  23362  14877 
 16142  16979      0   1690  15126  23179 
  8847  10615   1690      0   9849   2623 
 22358  23362  15126   9849      0  15946 
 13162  14877  23179   2623  15946      0 
