     0  32275  35745  16837  34458  32487 
 32275      0  34761  18328  34466  31562 
 35745  34761      0  16902  34288  32317 
 16837  18328  16902      0  17448  18624 
 34458  34466  34288  17448      0  37937 
 32487  31562  32317  18624  37937      0 
