     0  20441  15374   8943  22636  14077 
 20441      0  15171  11395  24142  15515 
 15374  15171      0   2115  15906  23959 
  8943  11395   2115      0   9683   2623 
 22636  24142  15906   9683      0  16726 
 14077  15515  23959   2623  16726      0 
