     0  17736  12669   8808  19931  13942 
 17736      0  12466   8690  24693  12810 
 12669  12466      0   -590  13201  21119 
  8808   8690   -590      0   6978   2488 
 19931  24693  13201   6978      0  14021 
 13942  12810  21119   2488  14021      0 
