     0  17836   9516   3070  19931   8074 
 17836      0   8252   5701  21537   9003 
  9516   8252      0  -5340   9769  21119 
  3070   5701  -5340      0   4089  -5585 
 19931  21537   9769   4089      0  10150 
  8074   9003  21119  -5585  10150      0 
