     0  22892  15225   9747  19931  11372 
 22892      0  17900  12334  21437  12810 
 15225  17900      0   2518  13201  21119 
  9747  12334   2518      0   6978    -82 
 19931  21437  13201   6978      0  14021 
 11372  12810  21119    -82  14021      0 
