     0  33851  36160  18918  36866  34938 
 33851      0  36140  22026  37653  35220 
 36160  36140      0  18599  36514  35564 
 18918  22026  18599      0  20818  21405 
 36866  37653  36514  20818      0  39887 
 34938  35220  35564  21405  39887      0 
