     0  17736  12669   6238  19931  11372 
 17736      0  12466   9036  21437  12810 
 12669  12466      0   -435  13967  21119 
  6238   9036   -435      0   6978    -82 
 19931  21437  13967   6978      0  14021 
 11372  12810  21119    -82  14021      0 
