     0  17836   9516   3649  19931   8620 
 17836      0   8252   5737  21537   8647 
  9516   8252      0  -5340   9769  21119 
  3649   5737  -5340      0   4089  -5585 
 19931  21537   9769   4089      0  10150 
  8620   8647  21119  -5585  10150      0 
