     0  29769  33065  14750  32631  30646 
 29769      0  32894  17123  32557  29639 
 33065  32894      0  14563  32405  30420 
 14750  17123  14563      0  16348  17650 
 32631  32557  32405  16348      0  36222 
 30646  29639  30420  17650  36222      0 
