     0  22589  17522  11091  24784  16225 
 22589      0  17319  13543  26290  17663 
 17522  17319      0   4263  18054  26107 
 11091  13543   4263      0  11831   4771 
 24784  26290  18054  11831      0  18874 
 16225  17663  26107   4771  18874      0 
