     0  27479  30815  13290  30260  28826 
 27479      0  29973  15576  30653  28286 
 30815  29973      0  13176  30541  29107 
 13290  15576  13176      0  14562  15215 
 30260  30653  30541  14562      0  33147 
 28826  28286  29107  15215  33147      0 
